2026-02-15T04:30:08Z,up,100,41,1
2026-02-15T04:37:27Z,up,100,58,1
2026-02-15T05:24:04Z,up,100,51,1
2026-02-15T05:35:51Z,up,100,59,1
2026-02-15T06:24:41Z,up,100,49,1
2026-02-15T06:57:12Z,up,100,65,1
2026-02-15T15:15:49Z,down,0,0,0
2026-02-15T15:41:13Z,down,0,0,0
2026-02-15T15:58:01Z,down,0,0,0
2026-02-15T16:34:25Z,down,0,0,0
2026-02-15T16:59:56Z,down,0,0,0
2026-02-15T17:19:44Z,down,0,0,0
2026-02-15T17:32:48Z,down,0,0,0
2026-02-15T17:54:32Z,down,0,0,0
2026-02-15T18:25:59Z,down,0,0,0
2026-02-15T19:01:23Z,down,0,0,0
2026-02-15T19:34:57Z,down,0,0,0
2026-02-15T19:51:29Z,down,0,0,0
2026-02-15T19:59:45Z,down,0,0,0
2026-02-15T20:36:13Z,down,0,0,0
2026-02-15T20:57:10Z,down,0,0,0
2026-02-15T21:25:01Z,down,0,0,0
2026-02-15T21:46:02Z,down,0,0,0
2026-02-15T21:59:04Z,down,0,0,0
2026-02-15T22:30:50Z,down,0,0,0
2026-02-15T22:54:55Z,down,0,0,0
2026-02-15T23:20:19Z,down,0,0,0
2026-02-15T23:46:21Z,down,0,0,0
2026-02-16T00:00:59Z,down,0,0,0
2026-02-16T02:55:35Z,down,0,0,0
2026-02-16T04:56:08Z,down,0,0,0
2026-02-16T06:05:16Z,down,0,0,0
2026-02-16T07:19:09Z,down,0,0,0
2026-02-16T08:03:20Z,down,0,0,0
2026-02-16T09:02:32Z,down,0,0,0
2026-02-16T10:05:13Z,down,0,0,0
2026-02-16T11:02:58Z,down,0,0,0
2026-02-16T11:49:45Z,down,0,0,0
2026-02-16T12:29:43Z,down,0,0,0
2026-02-16T13:48:02Z,down,0,0,0
2026-02-16T14:33:31Z,down,0,0,0
2026-02-16T15:23:23Z,down,0,0,0
2026-02-16T16:01:41Z,down,0,0,0
2026-02-16T16:57:37Z,down,0,0,0
2026-02-16T17:38:54Z,down,0,0,0
2026-02-16T18:06:25Z,down,0,0,0
2026-02-16T19:01:01Z,down,0,0,0
2026-02-16T19:38:12Z,down,0,0,0
2026-02-16T19:57:35Z,down,0,0,0
2026-02-16T20:33:13Z,down,0,0,0
2026-02-16T20:59:35Z,down,0,0,0
2026-02-16T21:36:20Z,down,0,0,0
2026-02-16T21:57:11Z,down,0,0,0
2026-02-16T22:28:49Z,down,0,0,0
2026-02-16T22:58:39Z,down,0,0,0
2026-02-16T23:34:14Z,down,0,0,0
2026-02-16T23:56:40Z,down,0,0,0
2026-02-17T02:00:25Z,down,0,0,0
2026-02-17T04:25:37Z,down,0,0,0
2026-02-17T05:41:30Z,down,0,0,0
2026-02-17T06:38:30Z,down,0,0,0
2026-02-17T07:37:09Z,down,0,0,0
2026-02-17T08:25:19Z,down,0,0,0
2026-02-17T09:10:54Z,down,0,0,0
2026-02-17T10:06:39Z,down,0,0,0
2026-02-17T11:03:06Z,down,0,0,0
2026-02-17T11:49:04Z,down,0,0,0
2026-02-17T12:29:13Z,down,0,0,0
2026-02-17T13:46:51Z,down,0,0,0
2026-02-17T14:36:12Z,down,0,0,0
2026-02-17T15:32:08Z,down,0,0,0
2026-02-17T16:33:13Z,down,0,0,0
2026-02-17T17:36:31Z,down,0,0,0
2026-02-17T18:32:42Z,down,0,0,0
2026-02-17T19:31:04Z,down,0,0,0
2026-02-17T20:02:18Z,down,0,0,0
2026-02-17T20:51:08Z,down,0,0,0
2026-02-17T21:22:32Z,down,0,0,0
2026-02-17T21:52:03Z,down,0,0,0
2026-02-17T22:17:08Z,down,0,0,0
2026-02-17T22:53:27Z,down,0,0,0
2026-02-17T23:19:40Z,down,0,0,0
2026-02-17T23:48:56Z,down,0,0,0
2026-02-18T00:57:50Z,down,0,0,0
2026-02-18T03:38:31Z,down,0,0,0
2026-02-18T05:13:32Z,down,0,0,0
2026-02-18T06:15:35Z,down,0,0,0
2026-02-18T07:18:37Z,down,0,0,0
2026-02-18T08:01:31Z,down,0,0,0
2026-02-18T08:58:24Z,down,0,0,0
2026-02-18T09:53:44Z,down,0,0,0
2026-02-18T10:34:57Z,down,0,0,0
2026-02-18T11:24:49Z,down,0,0,0
2026-02-18T11:59:12Z,down,0,0,0
2026-02-18T13:18:07Z,down,0,0,0
2026-02-18T14:14:10Z,down,0,0,0
2026-02-18T15:06:55Z,down,0,0,0
2026-02-18T16:05:10Z,down,0,0,0
2026-02-18T17:17:06Z,down,0,0,0
2026-02-18T18:04:17Z,down,0,0,0
2026-02-18T19:10:42Z,down,0,0,0
2026-02-18T19:55:29Z,down,0,0,0
2026-02-18T20:33:42Z,down,0,0,0
2026-02-18T21:08:41Z,down,0,0,0
2026-02-18T21:49:47Z,down,0,0,0
2026-02-18T22:19:17Z,down,0,0,0
2026-02-18T22:56:42Z,down,0,0,0
2026-02-18T23:28:50Z,down,0,0,0
2026-02-18T23:54:57Z,down,0,0,0
2026-02-19T01:42:57Z,down,0,0,0
2026-02-19T04:05:53Z,down,0,0,0
2026-02-19T05:35:54Z,down,0,0,0
2026-02-19T06:39:48Z,down,0,0,0
2026-02-19T07:37:12Z,down,0,0,0
2026-02-19T08:07:41Z,down,0,0,0
2026-02-19T09:02:11Z,down,0,0,0
2026-02-19T10:00:51Z,down,0,0,0
2026-02-19T10:55:36Z,down,0,0,0
2026-02-19T11:35:23Z,down,0,0,0
2026-02-19T12:03:57Z,down,0,0,0
2026-02-19T13:39:52Z,down,0,0,0
2026-02-19T14:34:45Z,down,0,0,0
2026-02-19T15:27:03Z,down,0,0,0
2026-02-19T16:12:38Z,down,0,0,0
2026-02-19T17:14:31Z,down,0,0,0
2026-02-19T18:06:52Z,down,0,0,0
2026-02-19T19:07:09Z,down,0,0,0
2026-02-19T19:46:43Z,down,0,0,0
2026-02-19T20:17:31Z,down,0,0,0
2026-02-19T20:52:52Z,down,0,0,0
2026-02-19T21:20:53Z,down,0,0,0
2026-02-19T21:53:39Z,down,0,0,0
2026-02-19T22:21:48Z,down,0,0,0
2026-02-19T22:55:47Z,down,0,0,0
2026-02-19T23:26:26Z,down,0,0,0
2026-02-19T23:53:35Z,down,0,0,0
2026-02-20T01:09:16Z,down,0,0,0
2026-02-20T03:40:28Z,down,0,0,0
2026-02-20T05:07:37Z,down,0,0,0
2026-02-20T06:07:12Z,down,0,0,0
2026-02-20T07:12:30Z,down,0,0,0
2026-02-20T07:56:42Z,down,0,0,0
2026-02-20T08:39:07Z,down,0,0,0
2026-02-20T09:24:36Z,down,0,0,0
2026-02-20T10:03:16Z,down,0,0,0
2026-02-20T10:52:44Z,down,0,0,0
2026-02-20T11:22:25Z,down,0,0,0
2026-02-20T11:50:39Z,down,0,0,0
2026-02-20T12:26:50Z,down,0,0,0
2026-02-20T13:39:16Z,down,0,0,0
2026-02-20T14:25:07Z,down,0,0,0
2026-02-20T15:06:17Z,down,0,0,0
2026-02-20T15:51:22Z,down,0,0,0
2026-02-20T16:22:52Z,down,0,0,0
2026-02-20T17:04:52Z,down,0,0,0
2026-02-20T17:51:54Z,down,0,0,0
2026-02-20T18:28:37Z,down,0,0,0
2026-02-20T19:13:22Z,down,0,0,0
2026-02-20T19:49:19Z,down,0,0,0
2026-02-20T20:02:27Z,down,0,0,0
2026-02-20T20:45:13Z,down,0,0,0
2026-02-20T21:01:49Z,down,0,0,0
2026-02-20T21:35:07Z,down,0,0,0
2026-02-20T21:53:51Z,down,0,0,0
2026-02-20T22:15:55Z,down,0,0,0
2026-02-20T22:49:01Z,down,0,0,0
2026-02-20T23:15:50Z,down,0,0,0
2026-02-20T23:45:48Z,down,0,0,0
2026-02-21T00:01:23Z,down,0,0,0
2026-02-21T02:43:18Z,down,0,0,0
2026-02-21T04:19:48Z,down,0,0,0
2026-02-21T05:14:40Z,down,0,0,0
2026-02-21T05:57:32Z,down,0,0,0
2026-02-21T06:43:28Z,down,0,0,0
2026-02-21T07:20:52Z,down,0,0,0
2026-02-21T07:48:04Z,down,0,0,0
2026-02-21T08:01:20Z,down,0,0,0
2026-02-21T08:42:55Z,down,0,0,0
2026-02-21T09:03:30Z,down,0,0,0
2026-02-21T09:40:33Z,down,0,0,0
2026-02-21T09:57:08Z,down,0,0,0
2026-02-21T10:26:36Z,down,0,0,0
2026-02-21T10:52:25Z,down,0,0,0
2026-02-21T11:11:57Z,down,0,0,0
2026-02-21T11:35:23Z,down,0,0,0
2026-02-21T11:50:58Z,down,0,0,0
2026-02-21T12:00:06Z,down,0,0,0
2026-02-21T13:05:25Z,down,0,0,0
2026-02-21T13:50:52Z,down,0,0,0
2026-02-21T14:13:27Z,down,0,0,0
2026-02-21T14:45:55Z,down,0,0,0
2026-02-21T15:01:28Z,down,0,0,0
2026-02-21T15:34:38Z,down,0,0,0
2026-02-21T15:53:26Z,down,0,0,0
2026-02-21T16:16:23Z,down,0,0,0
2026-02-21T16:49:40Z,down,0,0,0
2026-02-21T17:13:53Z,down,0,0,0
2026-02-21T17:44:19Z,down,0,0,0
2026-02-21T17:59:02Z,down,0,0,0
2026-02-21T18:42:25Z,down,0,0,0
2026-02-21T19:05:51Z,down,0,0,0
2026-02-21T19:34:35Z,down,0,0,0
2026-02-21T19:51:31Z,down,0,0,0
2026-02-21T20:00:29Z,down,0,0,0
2026-02-21T20:35:32Z,down,0,0,0
2026-02-21T20:54:16Z,down,0,0,0
2026-02-21T21:15:43Z,down,0,0,0
2026-02-21T21:41:17Z,down,0,0,0
2026-02-21T21:55:29Z,down,0,0,0
2026-02-21T22:19:01Z,down,0,0,0
2026-02-21T22:45:47Z,down,0,0,0
2026-02-21T23:00:43Z,down,0,0,0
2026-02-21T23:33:11Z,down,0,0,0
2026-02-21T23:51:47Z,down,0,0,0
2026-02-22T00:01:14Z,down,0,0,0
2026-02-22T02:56:00Z,down,0,0,0
2026-02-22T04:46:57Z,down,0,0,0
2026-02-22T05:41:24Z,down,0,0,0
2026-02-22T06:28:39Z,down,0,0,0
2026-02-22T07:12:49Z,down,0,0,0
2026-02-22T07:49:56Z,down,0,0,0
2026-02-22T08:02:20Z,down,0,0,0
2026-02-22T08:46:33Z,down,0,0,0
2026-02-22T09:15:42Z,down,0,0,0
2026-02-22T09:48:13Z,down,0,0,0
2026-02-22T10:01:39Z,down,0,0,0
2026-02-22T10:36:57Z,down,0,0,0
2026-02-22T10:57:04Z,down,0,0,0
2026-02-22T11:21:37Z,down,0,0,0
2026-02-22T11:40:30Z,down,0,0,0
2026-02-22T11:54:27Z,down,0,0,0
2026-02-22T12:32:09Z,down,0,0,0
2026-02-22T13:28:26Z,down,0,0,0
2026-02-22T13:59:33Z,down,0,0,0
2026-02-22T14:33:18Z,down,0,0,0
2026-02-22T14:56:04Z,down,0,0,0
2026-02-22T15:21:48Z,down,0,0,0
2026-02-22T15:45:05Z,down,0,0,0
2026-02-22T16:00:21Z,down,0,0,0
2026-02-22T16:41:28Z,down,0,0,0
2026-02-22T17:02:16Z,down,0,0,0
2026-02-22T17:34:55Z,down,0,0,0
2026-02-22T17:54:52Z,down,0,0,0
2026-02-22T18:26:25Z,down,0,0,0
2026-02-22T19:00:55Z,down,0,0,0
2026-02-22T19:34:11Z,down,0,0,0
2026-02-22T19:51:04Z,down,0,0,0
2026-02-22T19:59:46Z,down,0,0,0
2026-02-22T20:35:40Z,down,0,0,0
2026-02-22T20:56:16Z,down,0,0,0
2026-02-22T21:22:20Z,down,0,0,0
2026-02-22T21:43:57Z,down,0,0,0
2026-02-22T21:58:11Z,down,0,0,0
2026-02-22T22:28:15Z,down,0,0,0
2026-02-22T22:52:57Z,down,0,0,0
2026-02-22T23:14:50Z,down,0,0,0
2026-02-22T23:42:49Z,down,0,0,0
2026-02-22T23:59:17Z,down,0,0,0
2026-02-23T02:42:21Z,down,0,0,0
2026-02-23T04:49:30Z,down,0,0,0
2026-02-23T05:57:34Z,down,0,0,0
2026-02-23T07:06:02Z,down,0,0,0
2026-02-23T08:00:43Z,down,0,0,0
2026-02-23T09:01:08Z,down,0,0,0
2026-02-23T10:04:58Z,down,0,0,0
2026-02-23T11:01:52Z,down,0,0,0
2026-02-23T11:48:12Z,down,0,0,0
2026-02-23T12:30:44Z,down,0,0,0
2026-02-23T13:50:41Z,down,0,0,0
2026-02-23T14:38:14Z,down,0,0,0
2026-02-23T15:33:07Z,down,0,0,0
2026-02-23T16:32:23Z,down,0,0,0
2026-02-23T17:42:07Z,down,0,0,0
2026-02-23T18:40:49Z,down,0,0,0
2026-02-23T19:44:20Z,down,0,0,0
2026-02-23T20:26:49Z,down,0,0,0
2026-02-23T21:09:40Z,down,0,0,0
2026-02-23T22:00:40Z,down,0,0,0
2026-02-23T22:53:14Z,down,0,0,0
2026-02-23T23:25:49Z,down,0,0,0
2026-02-23T23:52:23Z,down,0,0,0
2026-02-24T00:55:54Z,down,0,0,0
2026-02-24T03:33:42Z,down,0,0,0
2026-02-24T05:11:13Z,down,0,0,0
2026-02-24T06:13:37Z,down,0,0,0
2026-02-24T07:17:11Z,down,0,0,0
2026-02-24T08:02:49Z,down,0,0,0
2026-02-24T09:01:35Z,down,0,0,0
2026-02-24T10:02:04Z,down,0,0,0
2026-02-24T10:59:41Z,down,0,0,0
2026-02-24T11:45:11Z,down,0,0,0
2026-02-24T12:30:42Z,down,0,0,0
2026-02-24T13:52:35Z,down,0,0,0
2026-02-24T14:43:10Z,down,0,0,0
2026-02-24T15:40:28Z,down,0,0,0
2026-02-24T16:44:45Z,down,0,0,0
2026-02-24T17:43:32Z,down,0,0,0
2026-02-24T18:38:57Z,down,0,0,0
2026-02-24T19:38:02Z,down,0,0,0
2026-02-24T20:02:03Z,down,0,0,0
2026-02-24T20:49:47Z,down,0,0,0
2026-02-24T21:21:51Z,down,0,0,0
2026-02-24T21:55:29Z,down,0,0,0
2026-02-24T22:29:05Z,down,0,0,0
2026-02-24T23:01:44Z,down,0,0,0
2026-02-24T23:41:30Z,down,0,0,0
2026-02-25T00:01:49Z,down,0,0,0
2026-02-25T02:54:40Z,down,0,0,0
2026-02-25T04:48:23Z,down,0,0,0
2026-02-25T05:50:20Z,down,0,0,0
2026-02-25T06:45:59Z,down,0,0,0
2026-02-25T07:41:08Z,down,0,0,0
2026-02-25T08:28:43Z,down,0,0,0
2026-02-25T09:29:17Z,down,0,0,0
2026-02-25T10:29:33Z,down,0,0,0
2026-02-25T11:24:04Z,down,0,0,0
2026-02-25T11:58:08Z,down,0,0,0
2026-02-25T13:11:35Z,down,0,0,0
2026-02-25T14:15:40Z,down,0,0,0
2026-02-25T15:12:19Z,down,0,0,0
2026-02-25T16:20:51Z,down,0,0,0
2026-02-25T17:32:38Z,down,0,0,0
2026-02-25T18:38:10Z,down,0,0,0
2026-02-25T19:37:20Z,down,0,0,0
2026-02-25T20:03:07Z,down,0,0,0
2026-02-25T20:50:18Z,down,0,0,0
2026-02-25T21:23:14Z,down,0,0,0
2026-02-25T21:54:17Z,down,0,0,0
2026-02-25T22:24:29Z,down,0,0,0
2026-02-25T22:59:35Z,down,0,0,0
2026-02-25T23:35:36Z,down,0,0,0
2026-02-25T23:57:43Z,down,0,0,0
2026-02-26T02:09:53Z,down,0,0,0
2026-02-26T04:24:43Z,down,0,0,0
2026-02-26T05:38:19Z,down,0,0,0
2026-02-26T06:37:43Z,down,0,0,0
2026-02-26T07:36:46Z,down,0,0,0
2026-02-26T08:08:28Z,down,0,0,0
2026-02-26T09:04:03Z,down,0,0,0
2026-02-26T10:03:05Z,down,0,0,0
2026-02-26T10:59:14Z,down,0,0,0
2026-02-26T11:43:35Z,down,0,0,0
2026-02-26T12:29:34Z,down,0,0,0
2026-02-26T13:50:39Z,down,0,0,0
2026-02-26T14:39:46Z,down,0,0,0
2026-02-26T15:33:35Z,down,0,0,0
2026-02-26T16:33:26Z,down,0,0,0
2026-02-26T17:40:18Z,down,0,0,0
2026-02-26T18:28:48Z,down,0,0,0
2026-02-26T19:25:49Z,down,0,0,0
2026-02-26T20:03:38Z,down,0,0,0
2026-02-26T20:51:44Z,down,0,0,0
2026-02-26T21:22:13Z,down,0,0,0
2026-02-26T21:50:53Z,down,0,0,0
2026-02-26T22:19:46Z,down,0,0,0
2026-02-26T22:56:29Z,down,0,0,0
2026-02-26T23:28:03Z,down,0,0,0
2026-02-26T23:53:46Z,down,0,0,0
2026-02-27T01:11:10Z,down,0,0,0
2026-02-27T03:38:56Z,down,0,0,0
2026-02-27T05:05:34Z,down,0,0,0
2026-02-27T06:03:12Z,down,0,0,0
2026-02-27T07:08:24Z,down,0,0,0
2026-02-27T07:54:15Z,down,0,0,0
2026-02-27T08:32:26Z,down,0,0,0
2026-02-27T09:10:55Z,down,0,0,0
2026-02-27T09:59:08Z,down,0,0,0
2026-02-27T10:44:43Z,down,0,0,0
2026-02-27T11:21:15Z,down,0,0,0
2026-02-27T11:49:50Z,down,0,0,0
2026-02-27T12:26:44Z,down,0,0,0
2026-02-27T13:37:55Z,down,0,0,0
2026-02-27T14:23:28Z,down,0,0,0
2026-02-27T15:04:02Z,down,0,0,0
2026-02-27T15:49:49Z,down,0,0,0
2026-02-27T16:23:56Z,down,0,0,0
2026-02-27T17:01:13Z,down,0,0,0
2026-02-27T17:46:02Z,down,0,0,0
2026-02-27T18:22:02Z,down,0,0,0
2026-02-27T19:06:27Z,down,0,0,0
2026-02-27T19:44:42Z,down,0,0,0
2026-02-27T20:02:10Z,down,0,0,0
2026-02-27T20:39:11Z,down,0,0,0
2026-02-27T21:00:05Z,down,0,0,0
2026-02-27T21:36:51Z,down,0,0,0
2026-02-27T21:56:33Z,down,0,0,0
2026-02-27T22:21:04Z,down,0,0,0
2026-02-27T23:01:08Z,down,0,0,0
2026-02-27T23:33:54Z,down,0,0,0
2026-02-27T23:52:26Z,down,0,0,0
2026-02-28T00:49:06Z,down,0,0,0
2026-02-28T03:02:42Z,down,0,0,0
2026-02-28T04:21:31Z,down,0,0,0
2026-02-28T05:07:09Z,down,0,0,0
2026-02-28T05:47:36Z,down,0,0,0
2026-02-28T06:02:36Z,down,0,0,0
2026-02-28T06:53:50Z,down,0,0,0
2026-02-28T07:19:56Z,down,0,0,0
2026-02-28T07:43:51Z,down,0,0,0
2026-02-28T07:56:25Z,down,0,0,0
2026-02-28T08:27:15Z,down,0,0,0
2026-02-28T08:51:54Z,down,0,0,0
2026-02-28T09:14:07Z,down,0,0,0
2026-02-28T09:42:00Z,down,0,0,0
2026-02-28T09:55:38Z,down,0,0,0
2026-02-28T10:19:01Z,down,0,0,0
2026-02-28T10:43:55Z,down,0,0,0
2026-02-28T10:56:58Z,down,0,0,0
2026-02-28T11:19:25Z,down,0,0,0
2026-02-28T11:35:38Z,down,0,0,0
2026-02-28T11:48:12Z,down,0,0,0
2026-02-28T11:57:29Z,down,0,0,0
2026-02-28T12:47:34Z,down,0,0,0
2026-02-28T13:27:58Z,down,0,0,0
2026-02-28T13:54:02Z,down,0,0,0
2026-02-28T14:14:45Z,down,0,0,0
2026-02-28T14:41:35Z,down,0,0,0
2026-02-28T14:55:16Z,down,0,0,0
2026-02-28T15:17:22Z,down,0,0,0
2026-02-28T15:39:53Z,down,0,0,0
2026-02-28T15:52:55Z,down,0,0,0
2026-02-28T16:13:58Z,down,0,0,0
2026-02-28T16:43:42Z,down,0,0,0
2026-02-28T16:58:32Z,down,0,0,0
2026-02-28T17:24:19Z,down,0,0,0
2026-02-28T17:42:58Z,down,0,0,0
2026-02-28T17:54:18Z,down,0,0,0
2026-02-28T18:22:08Z,down,0,0,0
2026-02-28T18:52:18Z,down,0,0,0
2026-02-28T19:11:43Z,down,0,0,0
2026-02-28T19:32:15Z,down,0,0,0
2026-02-28T19:45:59Z,down,0,0,0
2026-02-28T19:55:52Z,down,0,0,0
2026-02-28T20:22:00Z,down,0,0,0
2026-02-28T20:44:26Z,down,0,0,0
2026-02-28T20:58:13Z,down,0,0,0
2026-02-28T21:24:53Z,down,0,0,0
2026-02-28T21:41:22Z,down,0,0,0
2026-02-28T21:52:26Z,down,0,0,0
2026-02-28T22:10:05Z,down,0,0,0
2026-02-28T22:38:19Z,down,0,0,0
2026-02-28T22:54:41Z,down,0,0,0
2026-02-28T23:15:59Z,down,0,0,0
2026-02-28T23:37:38Z,down,0,0,0
2026-02-28T23:52:42Z,down,0,0,0
2026-03-01T01:07:26Z,down,0,0,0
2026-03-01T03:47:52Z,down,0,0,0
2026-03-01T05:12:13Z,down,0,0,0
2026-03-01T06:04:12Z,down,0,0,0
2026-03-01T07:00:58Z,down,0,0,0
2026-03-01T07:37:43Z,down,0,0,0
2026-03-01T07:55:35Z,down,0,0,0
2026-03-01T08:26:17Z,down,0,0,0
2026-03-01T08:54:14Z,down,0,0,0
2026-03-01T09:22:30Z,down,0,0,0
2026-03-01T09:48:34Z,down,0,0,0
2026-03-01T10:00:21Z,down,0,0,0
2026-03-01T10:34:59Z,down,0,0,0
2026-03-01T10:54:39Z,down,0,0,0
2026-03-01T11:15:22Z,down,0,0,0
2026-03-01T11:34:23Z,down,0,0,0
2026-03-01T11:48:24Z,down,0,0,0
2026-03-01T11:57:54Z,down,0,0,0
2026-03-01T12:53:16Z,down,0,0,0
2026-03-01T13:33:06Z,down,0,0,0
2026-03-01T13:58:29Z,down,0,0,0
2026-03-01T14:28:01Z,down,0,0,0
2026-03-01T14:50:04Z,down,0,0,0
2026-03-01T15:00:53Z,down,0,0,0
2026-03-01T15:33:06Z,down,0,0,0
2026-03-01T15:49:42Z,down,0,0,0
2026-03-01T15:59:50Z,down,0,0,0
2026-03-01T16:38:08Z,down,0,0,0
2026-03-01T16:57:22Z,down,0,0,0
2026-03-01T17:22:55Z,down,0,0,0
2026-03-01T17:43:46Z,down,0,0,0
2026-03-01T17:57:12Z,down,0,0,0
2026-03-01T18:34:28Z,down,0,0,0
2026-03-01T18:59:42Z,down,0,0,0
2026-03-01T19:28:24Z,down,0,0,0
2026-03-01T19:44:59Z,down,0,0,0
2026-03-01T19:56:22Z,down,0,0,0
2026-03-01T20:24:12Z,down,0,0,0
2026-03-01T20:46:37Z,down,0,0,0
2026-03-01T21:00:32Z,down,0,0,0
2026-03-01T21:31:58Z,down,0,0,0
2026-03-01T21:48:20Z,down,0,0,0
2026-03-01T21:58:19Z,down,0,0,0
2026-03-01T22:28:12Z,down,0,0,0
2026-03-01T22:50:33Z,down,0,0,0
2026-03-01T23:01:51Z,down,0,0,0
2026-03-01T23:33:51Z,down,0,0,0
2026-03-01T23:51:54Z,down,0,0,0
2026-03-02T00:00:53Z,down,0,0,0
2026-03-02T02:49:42Z,down,0,0,0
2026-03-02T04:29:31Z,down,0,0,0
2026-03-02T05:36:38Z,down,0,0,0
2026-03-02T06:35:20Z,down,0,0,0
2026-03-02T07:34:54Z,down,0,0,0
2026-03-02T08:05:20Z,down,0,0,0
2026-03-02T08:59:22Z,down,0,0,0
2026-03-02T09:58:04Z,down,0,0,0
2026-03-02T10:46:46Z,down,0,0,0
2026-03-02T11:23:30Z,down,0,0,0
2026-03-02T11:50:15Z,down,0,0,0
2026-03-02T12:27:20Z,down,0,0,0
2026-03-02T13:40:17Z,down,0,0,0
2026-03-02T14:28:22Z,down,0,0,0
2026-03-02T15:08:15Z,down,0,0,0
2026-03-02T15:55:28Z,down,0,0,0
2026-03-02T16:39:13Z,down,0,0,0
2026-03-02T17:28:42Z,down,0,0,0
2026-03-02T18:04:39Z,down,0,0,0
2026-03-02T19:03:50Z,down,0,0,0
2026-03-02T19:45:48Z,down,0,0,0
2026-03-02T20:18:19Z,down,0,0,0
2026-03-02T20:55:28Z,down,0,0,0
2026-03-02T21:31:44Z,down,0,0,0
2026-03-02T21:59:47Z,down,0,0,0
2026-03-02T22:35:31Z,down,0,0,0
2026-03-02T22:57:44Z,down,0,0,0
2026-03-02T23:28:36Z,down,0,0,0
2026-03-02T23:51:57Z,down,0,0,0
2026-03-03T00:57:54Z,down,0,0,0
2026-03-03T03:34:15Z,down,0,0,0
2026-03-03T05:05:19Z,down,0,0,0
2026-03-03T06:01:23Z,down,0,0,0
2026-03-03T07:04:45Z,down,0,0,0
2026-03-03T07:50:36Z,down,0,0,0
2026-03-03T08:25:01Z,down,0,0,0
2026-03-03T09:06:15Z,down,0,0,0
2026-03-03T09:58:46Z,down,0,0,0
2026-03-03T10:46:00Z,down,0,0,0
2026-03-03T11:21:03Z,down,0,0,0
2026-03-03T11:50:27Z,down,0,0,0
2026-03-03T12:27:13Z,down,0,0,0
2026-03-03T13:38:28Z,down,0,0,0
2026-03-03T14:27:05Z,down,0,0,0
2026-03-03T15:12:08Z,down,0,0,0
2026-03-03T16:01:58Z,down,0,0,0
2026-03-03T17:01:20Z,down,0,0,0
2026-03-03T17:52:31Z,down,0,0,0
2026-03-03T18:31:22Z,down,0,0,0
2026-03-03T19:25:45Z,down,0,0,0
2026-03-03T19:56:44Z,down,0,0,0
2026-03-03T20:31:27Z,down,0,0,0
2026-03-03T20:59:47Z,down,0,0,0
2026-03-03T21:40:21Z,down,0,0,0
2026-03-03T22:00:51Z,down,0,0,0
2026-03-03T22:40:03Z,down,0,0,0
2026-03-03T22:59:02Z,down,0,0,0
2026-03-03T23:32:58Z,down,0,0,0
2026-03-03T23:54:26Z,down,0,0,0
2026-03-04T01:19:00Z,down,0,0,0
2026-03-04T03:34:53Z,down,0,0,0
2026-03-04T04:58:02Z,down,0,0,0
2026-03-04T05:46:11Z,down,0,0,0
2026-03-04T06:29:56Z,down,0,0,0
2026-03-04T07:23:42Z,down,0,0,0
2026-03-04T07:55:36Z,down,0,0,0
2026-03-04T08:34:03Z,down,0,0,0
2026-03-04T09:07:43Z,down,0,0,0
2026-03-04T09:56:35Z,down,0,0,0
2026-03-04T10:35:02Z,down,0,0,0
2026-03-04T11:06:05Z,down,0,0,0
2026-03-04T11:42:05Z,down,0,0,0
2026-03-04T11:59:40Z,down,0,0,0
2026-03-04T13:11:46Z,down,0,0,0
2026-03-04T14:04:32Z,down,0,0,0
2026-03-04T14:52:20Z,down,0,0,0
2026-03-04T15:27:08Z,down,0,0,0
2026-03-04T16:04:14Z,down,0,0,0
2026-03-04T17:00:32Z,down,0,0,0
2026-03-04T17:48:24Z,down,0,0,0
2026-03-04T18:28:34Z,down,0,0,0
2026-03-04T19:13:09Z,down,0,0,0
2026-03-04T19:51:30Z,down,0,0,0
2026-03-04T20:19:38Z,down,0,0,0
2026-03-04T20:52:17Z,down,0,0,0
2026-03-04T21:21:18Z,down,0,0,0
2026-03-04T21:53:18Z,down,0,0,0
2026-03-04T22:21:04Z,down,0,0,0
2026-03-04T22:54:10Z,down,0,0,0
2026-03-04T23:22:05Z,down,0,0,0
2026-03-04T23:48:48Z,down,0,0,0
2026-03-05T00:02:45Z,down,0,0,0
2026-03-05T02:49:30Z,down,0,0,0
2026-03-05T04:27:26Z,down,0,0,0
2026-03-05T05:32:06Z,down,0,0,0
2026-03-05T06:09:47Z,down,0,0,0
2026-03-05T07:09:45Z,down,0,0,0
2026-03-05T07:54:16Z,down,0,0,0
2026-03-05T08:31:01Z,down,0,0,0
2026-03-05T09:09:53Z,down,0,0,0
2026-03-05T10:01:03Z,down,0,0,0
2026-03-05T10:53:51Z,down,0,0,0
2026-03-05T11:27:12Z,down,0,0,0
2026-03-05T11:55:32Z,down,0,0,0
2026-03-05T12:51:53Z,down,0,0,0
2026-03-05T13:52:27Z,down,0,0,0
2026-03-05T14:35:55Z,down,0,0,0
2026-03-05T15:31:37Z,down,0,0,0
2026-03-05T19:00:22Z,down,0,0,0
2026-03-05T19:56:56Z,down,0,0,0
2026-03-05T20:36:59Z,down,0,0,0
2026-03-05T21:05:25Z,down,0,0,0
2026-03-05T21:48:56Z,down,0,0,0
2026-03-05T22:16:01Z,down,0,0,0
2026-03-05T23:30:08Z,down,0,0,0
2026-03-06T00:05:04Z,down,0,0,0
2026-03-06T02:48:56Z,down,0,0,0
2026-03-06T04:24:28Z,down,0,0,0
2026-03-06T05:29:23Z,down,0,0,0
2026-03-06T06:06:51Z,down,0,0,0
2026-03-06T07:06:07Z,down,0,0,0
2026-03-06T07:49:13Z,down,0,0,0
2026-03-06T08:21:14Z,down,0,0,0
2026-03-06T08:59:25Z,down,0,0,0
2026-03-06T09:49:07Z,down,0,0,0
2026-03-06T10:20:54Z,down,0,0,0
2026-03-06T10:59:14Z,down,0,0,0
2026-03-06T11:35:04Z,down,0,0,0
2026-03-06T11:55:44Z,down,0,0,0
2026-03-06T12:44:38Z,down,0,0,0
2026-03-06T13:42:26Z,down,0,0,0
2026-03-06T14:24:31Z,down,0,0,0
2026-03-06T15:02:54Z,down,0,0,0
2026-03-06T15:50:18Z,down,0,0,0
2026-03-06T16:23:51Z,down,0,0,0
2026-03-06T17:04:07Z,down,0,0,0
2026-03-06T17:49:24Z,down,0,0,0
2026-03-06T18:26:02Z,down,0,0,0
2026-03-06T19:08:36Z,down,0,0,0
2026-03-06T19:47:07Z,down,0,0,0
2026-03-06T20:02:54Z,down,0,0,0
2026-03-06T20:45:01Z,down,0,0,0
2026-03-06T21:03:57Z,down,0,0,0
2026-03-06T21:39:30Z,down,0,0,0
2026-03-06T21:57:24Z,down,0,0,0
2026-03-06T22:29:30Z,down,0,0,0
2026-03-06T22:57:09Z,down,0,0,0
2026-03-06T23:27:40Z,down,0,0,0
2026-03-06T23:50:54Z,down,0,0,0
2026-03-07T00:52:28Z,down,0,0,0
2026-03-07T03:08:27Z,down,0,0,0
2026-03-07T04:39:24Z,down,0,0,0
2026-03-07T05:24:59Z,down,0,0,0
2026-03-07T05:57:36Z,down,0,0,0
2026-03-07T06:42:57Z,down,0,0,0
2026-03-07T07:17:38Z,down,0,0,0
2026-03-07T07:44:24Z,down,0,0,0
2026-03-07T07:58:00Z,down,0,0,0
2026-03-07T08:35:01Z,down,0,0,0
2026-03-07T08:58:54Z,down,0,0,0
2026-03-07T09:34:25Z,down,0,0,0
2026-03-07T09:53:57Z,down,0,0,0
2026-03-07T10:15:06Z,down,0,0,0
2026-03-07T10:43:50Z,down,0,0,0
2026-03-07T10:58:02Z,down,0,0,0
2026-03-07T11:22:38Z,down,0,0,0
2026-03-07T11:39:36Z,down,0,0,0
2026-03-07T11:52:08Z,down,0,0,0
2026-03-07T12:00:42Z,down,0,0,0
2026-03-07T13:05:25Z,down,0,0,0
2026-03-07T13:47:17Z,down,0,0,0
2026-03-07T14:01:17Z,down,0,0,0
2026-03-07T14:34:07Z,down,0,0,0
2026-03-07T14:53:52Z,down,0,0,0
2026-03-07T15:15:05Z,down,0,0,0
2026-03-07T15:40:18Z,down,0,0,0
2026-03-07T15:54:29Z,down,0,0,0
2026-03-07T16:19:10Z,down,0,0,0
2026-03-07T16:46:28Z,down,0,0,0
2026-03-07T17:01:09Z,down,0,0,0
2026-03-07T17:30:44Z,down,0,0,0
2026-03-07T17:49:03Z,down,0,0,0
2026-03-07T17:58:49Z,down,0,0,0
2026-03-07T18:40:42Z,down,0,0,0
2026-03-07T19:01:12Z,down,0,0,0
2026-03-07T19:29:31Z,down,0,0,0
2026-03-07T19:45:22Z,down,0,0,0
2026-03-07T19:55:51Z,down,0,0,0
2026-03-07T20:21:17Z,down,0,0,0
2026-03-07T20:44:23Z,down,0,0,0
2026-03-07T20:58:35Z,down,0,0,0
2026-03-07T21:26:03Z,down,0,0,0
2026-03-07T21:42:58Z,down,0,0,0
2026-03-07T21:54:09Z,down,0,0,0
2026-03-07T22:14:45Z,down,0,0,0
2026-03-07T22:42:43Z,down,0,0,0
2026-03-07T22:57:31Z,down,0,0,0
2026-03-07T23:23:52Z,down,0,0,0
2026-03-07T23:42:27Z,down,0,0,0
2026-03-07T23:55:47Z,down,0,0,0
2026-03-08T01:50:28Z,down,0,0,0
2026-03-08T03:58:25Z,down,0,0,0
2026-03-08T05:11:24Z,down,0,0,0
2026-03-08T05:57:53Z,down,0,0,0
2026-03-08T06:46:51Z,down,0,0,0
2026-03-08T07:21:44Z,down,0,0,0
2026-03-08T07:47:02Z,down,0,0,0
2026-03-08T07:59:53Z,down,0,0,0
2026-03-08T08:40:09Z,down,0,0,0
2026-03-08T09:01:15Z,down,0,0,0
2026-03-08T09:38:56Z,down,0,0,0
2026-03-08T09:56:51Z,down,0,0,0
2026-03-08T10:24:46Z,down,0,0,0
2026-03-08T10:48:48Z,down,0,0,0
2026-03-08T11:01:29Z,down,0,0,0
2026-03-08T11:30:05Z,down,0,0,0
2026-03-08T11:46:25Z,down,0,0,0
2026-03-08T11:57:20Z,down,0,0,0
2026-03-08T12:51:00Z,down,0,0,0
2026-03-08T13:32:05Z,down,0,0,0
2026-03-08T13:59:01Z,down,0,0,0
2026-03-08T14:30:19Z,down,0,0,0
2026-03-08T14:52:39Z,down,0,0,0
2026-03-08T15:12:17Z,down,0,0,0
2026-03-08T15:38:37Z,down,0,0,0
2026-03-08T15:53:46Z,down,0,0,0
2026-03-08T16:17:38Z,down,0,0,0
2026-03-08T16:47:53Z,down,0,0,0
2026-03-08T17:02:58Z,down,0,0,0
2026-03-08T17:34:06Z,down,0,0,0
2026-03-08T17:53:04Z,down,0,0,0
2026-03-08T18:18:39Z,down,0,0,0
2026-03-08T18:54:19Z,down,0,0,0
2026-03-08T19:18:33Z,down,0,0,0
2026-03-08T19:40:28Z,down,0,0,0
2026-03-08T19:53:16Z,down,0,0,0
2026-03-08T20:14:11Z,down,0,0,0
2026-03-08T20:43:43Z,down,0,0,0
2026-03-08T20:59:14Z,down,0,0,0
2026-03-08T21:29:59Z,down,0,0,0
2026-03-08T21:48:58Z,down,0,0,0
2026-03-08T21:59:10Z,down,0,0,0
2026-03-08T22:30:15Z,down,0,0,0
2026-03-08T22:51:38Z,down,0,0,0
2026-03-08T23:11:34Z,down,0,0,0
2026-03-08T23:37:35Z,down,0,0,0
2026-03-08T23:54:25Z,down,0,0,0
2026-03-09T01:21:35Z,down,0,0,0
2026-03-09T03:43:17Z,down,0,0,0
2026-03-09T05:11:57Z,down,0,0,0
2026-03-09T06:11:53Z,down,0,0,0
2026-03-09T07:17:27Z,down,0,0,0
2026-03-09T07:59:19Z,down,0,0,0
2026-03-09T08:54:06Z,down,0,0,0
2026-03-09T09:39:46Z,down,0,0,0
2026-03-09T10:29:13Z,down,0,0,0
2026-03-09T11:10:04Z,down,0,0,0
2026-03-09T11:48:58Z,down,0,0,0
2026-03-09T12:28:03Z,down,0,0,0
2026-03-09T13:45:11Z,down,0,0,0
2026-03-09T14:37:05Z,down,0,0,0
2026-03-09T15:37:47Z,down,0,0,0
2026-03-09T16:37:21Z,down,0,0,0
2026-03-09T17:30:01Z,down,0,0,0
2026-03-09T18:08:46Z,down,0,0,0
2026-03-09T19:08:48Z,down,0,0,0
2026-03-09T19:50:05Z,down,0,0,0
2026-03-09T20:17:35Z,down,0,0,0
2026-03-09T20:53:47Z,down,0,0,0
2026-03-09T21:24:12Z,down,0,0,0
2026-03-09T21:53:17Z,down,0,0,0
2026-03-09T22:18:24Z,down,0,0,0
2026-03-09T22:49:44Z,down,0,0,0
2026-03-09T23:14:41Z,down,0,0,0
2026-03-09T23:44:54Z,down,0,0,0
2026-03-09T23:58:52Z,down,0,0,0
2026-03-10T02:27:56Z,down,0,0,0
2026-03-10T04:21:21Z,down,0,0,0
2026-03-10T05:28:49Z,down,0,0,0
2026-03-10T06:06:08Z,down,0,0,0
2026-03-10T07:06:08Z,down,0,0,0
2026-03-10T07:52:23Z,down,0,0,0
2026-03-10T08:25:32Z,down,0,0,0
2026-03-10T09:07:19Z,down,0,0,0
2026-03-10T09:58:45Z,down,0,0,0
2026-03-10T10:46:23Z,down,0,0,0
2026-03-10T11:21:44Z,down,0,0,0
2026-03-10T11:51:27Z,down,0,0,0
2026-03-10T12:29:10Z,down,0,0,0
2026-03-10T13:44:00Z,down,0,0,0
2026-03-10T14:32:11Z,down,0,0,0
2026-03-10T15:37:41Z,down,0,0,0
2026-03-10T16:37:28Z,down,0,0,0
2026-03-10T17:28:06Z,down,0,0,0
2026-03-10T18:08:11Z,down,0,0,0
2026-03-10T19:06:43Z,down,0,0,0
2026-03-10T19:48:59Z,down,0,0,0
2026-03-10T20:17:51Z,down,0,0,0
2026-03-10T20:52:13Z,down,0,0,0
2026-03-10T21:19:10Z,down,0,0,0
2026-03-10T21:45:53Z,down,0,0,0
2026-03-10T22:00:22Z,down,0,0,0
2026-03-10T22:38:14Z,down,0,0,0
2026-03-10T22:59:50Z,down,0,0,0
2026-03-10T23:35:13Z,down,0,0,0
2026-03-10T23:54:31Z,down,0,0,0
2026-03-11T01:17:15Z,down,0,0,0
2026-03-11T03:35:08Z,down,0,0,0
2026-03-11T05:01:50Z,down,0,0,0
2026-03-11T05:57:53Z,down,0,0,0
2026-03-11T06:57:14Z,down,0,0,0
2026-03-11T07:43:29Z,down,0,0,0
2026-03-11T08:23:12Z,down,0,0,0
2026-03-11T09:04:33Z,down,0,0,0
2026-03-11T09:57:54Z,down,0,0,0
2026-03-11T10:42:06Z,down,0,0,0
2026-03-11T11:21:10Z,down,0,0,0
2026-03-11T11:51:06Z,down,0,0,0
2026-03-11T12:28:51Z,down,0,0,0
2026-03-11T13:45:43Z,down,0,0,0
2026-03-11T14:35:11Z,down,0,0,0
2026-03-11T15:28:29Z,down,0,0,0
2026-03-11T16:12:30Z,down,0,0,0
2026-03-11T17:11:08Z,down,0,0,0
2026-03-11T18:03:10Z,down,0,0,0
2026-03-11T19:06:32Z,down,0,0,0
2026-03-11T19:48:30Z,down,0,0,0
2026-03-11T20:19:00Z,down,0,0,0
2026-03-11T20:52:56Z,down,0,0,0
2026-03-11T21:21:23Z,down,0,0,0
2026-03-11T21:52:02Z,down,0,0,0
2026-03-11T22:15:31Z,down,0,0,0
2026-03-11T22:44:12Z,down,0,0,0
2026-03-11T22:59:35Z,down,0,0,0
2026-03-11T23:33:17Z,down,0,0,0
2026-03-11T23:53:44Z,down,0,0,0
2026-03-12T01:06:10Z,down,0,0,0
2026-03-12T03:39:13Z,down,0,0,0
2026-03-12T05:06:54Z,down,0,0,0
2026-03-12T06:03:56Z,down,0,0,0
2026-03-12T07:09:52Z,down,0,0,0
2026-03-12T07:53:56Z,down,0,0,0
2026-03-12T08:32:49Z,down,0,0,0
2026-03-12T09:24:45Z,down,0,0,0
2026-03-12T10:05:17Z,down,0,0,0
2026-03-12T10:56:40Z,down,0,0,0
2026-03-12T11:31:00Z,down,0,0,0
2026-03-12T11:52:33Z,down,0,0,0
2026-03-12T12:29:20Z,down,0,0,0
2026-03-12T13:43:40Z,down,0,0,0
2026-03-12T14:33:57Z,down,0,0,0
2026-03-12T15:35:48Z,down,0,0,0
2026-03-12T16:38:34Z,down,0,0,0
2026-03-12T17:31:15Z,down,0,0,0
2026-03-12T18:11:08Z,down,0,0,0
2026-03-12T19:11:37Z,down,0,0,0
2026-03-12T19:52:50Z,down,0,0,0
2026-03-12T20:21:46Z,down,0,0,0
2026-03-12T20:57:11Z,down,0,0,0
2026-03-12T21:33:18Z,down,0,0,0
2026-03-12T21:58:21Z,down,0,0,0
2026-03-12T22:30:06Z,down,0,0,0
2026-03-12T22:55:17Z,down,0,0,0
2026-03-12T23:22:25Z,down,0,0,0
2026-03-12T23:47:02Z,down,0,0,0
2026-03-13T00:01:24Z,down,0,0,0
2026-03-13T02:47:50Z,down,0,0,0
2026-03-13T04:26:43Z,down,0,0,0
2026-03-13T05:32:27Z,down,0,0,0
2026-03-13T06:10:47Z,down,0,0,0
2026-03-13T07:12:28Z,down,0,0,0
2026-03-13T07:56:52Z,down,0,0,0
2026-03-13T08:38:09Z,down,0,0,0
2026-03-13T09:23:17Z,down,0,0,0
2026-03-13T10:00:32Z,down,0,0,0
2026-03-13T10:49:59Z,down,0,0,0
2026-03-13T11:20:56Z,down,0,0,0
2026-03-13T11:48:50Z,down,0,0,0
2026-03-13T12:25:51Z,down,0,0,0
2026-03-13T13:38:24Z,down,0,0,0
2026-03-13T14:26:45Z,down,0,0,0
2026-03-13T15:08:44Z,down,0,0,0
2026-03-13T15:56:45Z,down,0,0,0
2026-03-13T16:39:14Z,down,0,0,0
2026-03-13T17:21:14Z,down,0,0,0
2026-03-13T17:54:49Z,down,0,0,0
2026-03-13T18:32:42Z,down,0,0,0
2026-03-13T19:11:08Z,down,0,0,0
2026-03-13T19:45:58Z,down,0,0,0
2026-03-13T20:03:13Z,down,0,0,0
2026-03-13T20:49:48Z,down,0,0,0
2026-03-13T21:20:30Z,down,0,0,0
2026-03-13T21:51:46Z,down,0,0,0
2026-03-13T22:16:26Z,down,0,0,0
2026-03-13T22:47:24Z,down,0,0,0
2026-03-13T23:04:27Z,down,0,0,0
2026-03-13T23:38:47Z,down,0,0,0
2026-03-13T23:59:08Z,down,0,0,0
2026-03-14T02:32:04Z,down,0,0,0
2026-03-14T04:23:21Z,down,0,0,0
2026-03-14T05:28:16Z,down,0,0,0
2026-03-14T06:06:09Z,down,0,0,0
2026-03-14T07:03:38Z,down,0,0,0
2026-03-14T07:43:24Z,down,0,0,0
2026-03-14T08:01:31Z,down,0,0,0
2026-03-14T08:48:48Z,down,0,0,0
2026-03-14T09:18:49Z,down,0,0,0
2026-03-14T09:51:59Z,down,0,0,0
2026-03-14T10:15:10Z,down,0,0,0
2026-03-14T10:48:51Z,down,0,0,0
2026-03-14T11:11:21Z,down,0,0,0
2026-03-14T11:36:30Z,down,0,0,0
2026-03-14T11:53:38Z,down,0,0,0
2026-03-14T12:29:27Z,down,0,0,0
2026-03-14T13:29:04Z,down,0,0,0
2026-03-14T14:01:16Z,down,0,0,0
2026-03-14T14:38:45Z,down,0,0,0
2026-03-14T15:00:38Z,down,0,0,0
2026-03-14T15:36:08Z,down,0,0,0
2026-03-14T15:54:28Z,down,0,0,0
2026-03-14T16:22:35Z,down,0,0,0
2026-03-14T16:53:20Z,down,0,0,0
2026-03-14T17:18:15Z,down,0,0,0
2026-03-14T17:46:34Z,down,0,0,0
2026-03-14T18:01:20Z,down,0,0,0
2026-03-14T18:53:08Z,down,0,0,0
2026-03-14T19:19:37Z,down,0,0,0
2026-03-14T19:44:26Z,down,0,0,0
2026-03-14T19:58:59Z,down,0,0,0
2026-03-14T20:35:02Z,down,0,0,0
2026-03-14T20:57:00Z,down,0,0,0
2026-03-14T21:27:24Z,down,0,0,0
2026-03-14T21:49:58Z,down,0,0,0
2026-03-14T22:01:43Z,down,0,0,0
2026-03-14T22:37:47Z,down,0,0,0
2026-03-14T22:58:39Z,down,0,0,0
2026-03-14T23:32:41Z,down,0,0,0
2026-03-14T23:54:07Z,down,0,0,0
2026-03-15T01:27:01Z,down,0,0,0
2026-03-15T04:14:06Z,down,0,0,0
2026-03-15T05:46:15Z,down,0,0,0
2026-03-15T06:39:32Z,down,0,0,0
2026-03-15T07:32:37Z,down,0,0,0
2026-03-15T08:01:20Z,down,0,0,0
2026-03-15T08:50:32Z,down,0,0,0
2026-03-15T09:20:51Z,down,0,0,0
2026-03-15T09:53:30Z,down,0,0,0
2026-03-15T10:19:00Z,down,0,0,0
2026-03-15T10:52:55Z,down,0,0,0
2026-03-15T11:16:18Z,down,0,0,0
2026-03-15T11:43:07Z,down,0,0,0
2026-03-15T11:57:49Z,down,0,0,0
2026-03-15T12:56:35Z,down,0,0,0
2026-03-15T13:46:04Z,down,0,0,0
2026-03-15T14:17:57Z,down,0,0,0
2026-03-15T14:51:52Z,down,0,0,0
2026-03-15T15:16:42Z,down,0,0,0
2026-03-15T15:46:39Z,down,0,0,0
2026-03-15T16:02:21Z,down,0,0,0
2026-03-15T16:44:41Z,down,0,0,0
2026-03-15T17:04:10Z,down,0,0,0
2026-03-15T17:39:53Z,down,0,0,0
2026-03-15T17:59:27Z,down,0,0,0
2026-03-15T18:49:47Z,down,0,0,0
2026-03-15T19:18:47Z,down,0,0,0
2026-03-15T19:45:49Z,down,0,0,0
2026-03-15T20:00:52Z,down,0,0,0
2026-03-15T20:39:51Z,down,0,0,0
2026-03-15T21:00:06Z,down,0,0,0
2026-03-15T21:35:16Z,down,0,0,0
2026-03-15T21:55:09Z,down,0,0,0
2026-03-15T22:21:59Z,down,0,0,0
2026-03-15T22:51:22Z,down,0,0,0
2026-03-15T23:16:39Z,down,0,0,0
2026-03-15T23:47:05Z,down,0,0,0
2026-03-16T00:03:21Z,down,0,0,0
2026-03-16T03:30:27Z,down,0,0,0
2026-03-16T05:29:59Z,down,0,0,0
2026-03-16T06:54:04Z,down,0,0,0
2026-03-16T08:03:17Z,down,0,0,0
2026-03-16T09:10:49Z,down,0,0,0
2026-03-16T10:14:35Z,down,0,0,0
2026-03-16T11:12:34Z,down,0,0,0
2026-03-16T11:57:51Z,down,0,0,0
2026-03-16T13:17:05Z,down,0,0,0
2026-03-16T14:40:26Z,down,0,0,0
2026-03-16T15:44:42Z,down,0,0,0
2026-03-16T16:44:32Z,down,0,0,0
2026-03-16T17:46:23Z,down,0,0,0
2026-03-16T18:40:21Z,down,0,0,0
2026-03-16T19:41:16Z,down,0,0,0
2026-03-16T20:06:35Z,down,0,0,0
2026-03-16T20:55:03Z,down,0,0,0
2026-03-16T21:33:53Z,down,0,0,0
2026-03-16T22:04:37Z,down,0,0,0
2026-03-16T22:48:28Z,down,0,0,0
2026-03-16T23:17:11Z,down,0,0,0
2026-03-16T23:46:36Z,down,0,0,0
2026-03-17T00:02:09Z,down,0,0,0
2026-03-17T02:50:56Z,down,0,0,0
2026-03-17T04:43:59Z,down,0,0,0
2026-03-17T05:46:57Z,down,0,0,0
2026-03-17T06:44:51Z,down,0,0,0
2026-03-17T07:42:51Z,down,0,0,0
2026-03-17T08:32:14Z,down,0,0,0
2026-03-17T09:32:37Z,down,0,0,0
2026-03-17T10:29:15Z,down,0,0,0
2026-03-17T11:24:44Z,down,0,0,0
2026-03-17T12:00:51Z,down,0,0,0
2026-03-17T13:44:51Z,down,0,0,0
2026-03-17T14:43:57Z,down,0,0,0
2026-03-17T15:45:53Z,down,0,0,0
2026-03-17T16:46:47Z,down,0,0,0
2026-03-17T17:45:20Z,down,0,0,0
2026-03-17T18:39:00Z,down,0,0,0
2026-03-17T19:40:39Z,down,0,0,0
2026-03-17T20:20:55Z,down,0,0,0
2026-03-17T21:00:37Z,down,0,0,0
2026-03-17T21:49:23Z,down,0,0,0
2026-03-17T22:19:17Z,down,0,0,0
2026-03-17T22:55:10Z,down,0,0,0
2026-03-17T23:27:16Z,down,0,0,0
2026-03-17T23:55:08Z,down,0,0,0
2026-03-18T01:46:19Z,down,0,0,0
2026-03-18T04:10:30Z,down,0,0,0
2026-03-18T05:41:32Z,down,0,0,0
2026-03-18T06:43:48Z,down,0,0,0
2026-03-18T07:41:31Z,down,0,0,0
2026-03-18T08:29:14Z,down,0,0,0
2026-03-18T09:29:23Z,down,0,0,0
2026-03-18T10:29:58Z,down,0,0,0
2026-03-18T11:26:57Z,down,0,0,0
2026-03-18T12:04:52Z,down,0,0,0
2026-03-18T13:49:40Z,down,0,0,0
2026-03-18T14:54:19Z,down,0,0,0
2026-03-18T16:02:41Z,down,0,0,0
2026-03-18T17:14:17Z,down,0,0,0
2026-03-18T18:10:49Z,down,0,0,0
2026-03-18T19:17:33Z,down,0,0,0
2026-03-18T19:55:02Z,down,0,0,0
2026-03-18T20:29:36Z,down,0,0,0
2026-03-18T21:05:43Z,down,0,0,0
2026-03-18T21:47:37Z,down,0,0,0
2026-03-18T22:17:49Z,down,0,0,0
2026-03-18T22:50:20Z,down,0,0,0
2026-03-18T23:18:14Z,down,0,0,0
2026-03-18T23:46:14Z,down,0,0,0
2026-03-19T00:02:06Z,down,0,0,0
2026-03-19T03:16:09Z,down,0,0,0
2026-03-19T05:04:56Z,down,0,0,0
2026-03-19T06:08:11Z,down,0,0,0
2026-03-19T07:13:01Z,down,0,0,0
2026-03-19T07:56:19Z,down,0,0,0
2026-03-19T08:39:21Z,down,0,0,0
2026-03-19T09:27:36Z,down,0,0,0
2026-03-19T10:07:22Z,down,0,0,0
2026-03-19T10:59:58Z,down,0,0,0
2026-03-19T11:42:03Z,down,0,0,0
2026-03-19T12:03:37Z,down,0,0,0
2026-03-19T13:39:18Z,down,0,0,0
2026-03-19T14:32:35Z,down,0,0,0
2026-03-19T15:28:10Z,down,0,0,0
2026-03-19T16:31:02Z,down,0,0,0
2026-03-19T17:34:24Z,down,0,0,0
2026-03-19T18:29:58Z,down,0,0,0
2026-03-19T19:29:18Z,down,0,0,0
2026-03-19T20:01:45Z,down,0,0,0
2026-03-19T20:51:24Z,down,0,0,0
2026-03-19T21:22:58Z,down,0,0,0
2026-03-19T21:51:59Z,down,0,0,0
2026-03-19T22:14:51Z,down,0,0,0
2026-03-19T22:49:50Z,down,0,0,0
2026-03-19T23:16:34Z,down,0,0,0
2026-03-19T23:47:02Z,down,0,0,0
2026-03-20T00:02:32Z,down,0,0,0
2026-03-20T02:50:16Z,down,0,0,0
2026-03-20T04:28:43Z,down,0,0,0
2026-03-20T05:35:37Z,down,0,0,0
2026-03-20T06:32:17Z,down,0,0,0
2026-03-20T07:31:11Z,down,0,0,0
2026-03-20T08:03:30Z,down,0,0,0
2026-03-20T08:55:59Z,down,0,0,0
2026-03-20T09:37:59Z,down,0,0,0
2026-03-20T10:20:49Z,down,0,0,0
2026-03-20T11:00:06Z,down,0,0,0
2026-03-20T11:38:29Z,down,0,0,0
2026-03-20T11:59:12Z,down,0,0,0
2026-03-20T13:11:51Z,down,0,0,0
2026-03-20T14:06:58Z,down,0,0,0
2026-03-20T14:59:23Z,down,0,0,0
2026-03-20T15:50:55Z,down,0,0,0
2026-03-20T16:26:55Z,down,0,0,0
2026-03-20T17:08:55Z,down,0,0,0
2026-03-20T17:52:52Z,down,0,0,0
2026-03-20T18:31:18Z,down,0,0,0
2026-03-20T19:22:32Z,down,0,0,0
2026-03-20T19:52:22Z,down,0,0,0
2026-03-20T20:18:07Z,down,0,0,0
2026-03-20T20:52:38Z,down,0,0,0
2026-03-20T21:19:14Z,down,0,0,0
2026-03-20T21:48:46Z,down,0,0,0
2026-03-20T22:02:24Z,down,0,0,0
2026-03-20T22:40:12Z,down,0,0,0
2026-03-20T23:01:25Z,down,0,0,0
2026-03-20T23:38:19Z,down,0,0,0
2026-03-20T23:57:13Z,down,0,0,0
2026-03-21T01:59:55Z,down,0,0,0
2026-03-21T04:09:59Z,down,0,0,0
2026-03-21T05:12:18Z,down,0,0,0
2026-03-21T05:55:02Z,down,0,0,0
2026-03-21T06:35:17Z,down,0,0,0
2026-03-21T07:20:36Z,down,0,0,0
2026-03-21T07:49:14Z,down,0,0,0
2026-03-21T08:01:49Z,down,0,0,0
2026-03-21T08:47:10Z,down,0,0,0
2026-03-21T09:16:39Z,down,0,0,0
2026-03-21T09:48:30Z,down,0,0,0
2026-03-21T10:01:40Z,down,0,0,0
2026-03-21T10:38:57Z,down,0,0,0
2026-03-21T10:58:26Z,down,0,0,0
2026-03-21T11:26:39Z,down,0,0,0
2026-03-21T11:45:37Z,down,0,0,0
2026-03-21T11:58:25Z,down,0,0,0
2026-03-21T12:57:05Z,down,0,0,0
2026-03-21T13:42:04Z,down,0,0,0
2026-03-21T14:03:31Z,down,0,0,0
2026-03-21T14:38:46Z,down,0,0,0
2026-03-21T14:58:06Z,down,0,0,0
2026-03-21T15:28:52Z,down,0,0,0
2026-03-21T15:49:25Z,down,0,0,0
2026-03-21T16:01:44Z,down,0,0,0
2026-03-21T16:41:32Z,down,0,0,0
2026-03-21T17:01:03Z,down,0,0,0
2026-03-21T17:34:21Z,down,0,0,0
2026-03-21T17:54:10Z,down,0,0,0
2026-03-21T18:24:38Z,down,0,0,0
2026-03-21T18:59:25Z,down,0,0,0
2026-03-21T19:30:43Z,down,0,0,0
2026-03-21T19:47:55Z,down,0,0,0
2026-03-21T19:58:49Z,down,0,0,0
2026-03-21T20:33:12Z,down,0,0,0
2026-03-21T20:54:36Z,down,0,0,0
2026-03-21T21:18:40Z,down,0,0,0
2026-03-21T21:43:00Z,down,0,0,0
2026-03-21T21:57:35Z,down,0,0,0
2026-03-21T22:27:12Z,down,0,0,0
2026-03-21T22:51:06Z,down,0,0,0
2026-03-21T23:12:48Z,down,0,0,0
2026-03-21T23:40:43Z,down,0,0,0
2026-03-21T23:56:54Z,down,0,0,0
2026-03-22T02:08:32Z,down,0,0,0
2026-03-22T04:28:04Z,down,0,0,0
2026-03-22T05:37:43Z,down,0,0,0
2026-03-22T06:29:44Z,down,0,0,0
2026-03-22T07:23:50Z,down,0,0,0
2026-03-22T07:54:21Z,down,0,0,0
2026-03-22T08:25:52Z,down,0,0,0
2026-03-22T08:58:13Z,down,0,0,0
2026-03-22T09:36:20Z,down,0,0,0
2026-03-22T09:58:22Z,down,0,0,0
2026-03-22T10:31:45Z,down,0,0,0
2026-03-22T10:56:03Z,down,0,0,0
2026-03-22T11:21:21Z,down,0,0,0
2026-03-22T11:42:26Z,down,0,0,0
2026-03-22T11:56:44Z,down,0,0,0
2026-03-22T12:48:45Z,down,0,0,0
2026-03-22T13:34:47Z,down,0,0,0
2026-03-22T14:02:37Z,down,0,0,0
2026-03-22T14:39:12Z,down,0,0,0
2026-03-22T14:59:23Z,down,0,0,0
2026-03-22T15:32:38Z,down,0,0,0
2026-03-22T15:52:24Z,down,0,0,0
2026-03-22T16:14:38Z,down,0,0,0
2026-03-22T16:49:04Z,down,0,0,0
2026-03-22T17:13:21Z,down,0,0,0
2026-03-22T17:43:10Z,down,0,0,0
2026-03-22T17:59:17Z,down,0,0,0
2026-03-22T18:46:43Z,down,0,0,0
2026-03-22T19:15:11Z,down,0,0,0
2026-03-22T19:41:21Z,down,0,0,0
2026-03-22T19:55:24Z,down,0,0,0
2026-03-22T20:21:18Z,down,0,0,0
2026-03-22T20:47:56Z,down,0,0,0
2026-03-22T21:13:07Z,down,0,0,0
2026-03-22T21:41:59Z,down,0,0,0
2026-03-22T21:58:00Z,down,0,0,0
2026-03-22T22:28:41Z,down,0,0,0
2026-03-22T22:53:52Z,down,0,0,0
2026-03-22T23:18:55Z,down,0,0,0
2026-03-22T23:47:01Z,down,0,0,0
2026-03-23T00:03:01Z,down,0,0,0
2026-03-23T03:19:08Z,down,0,0,0
2026-03-23T05:16:57Z,down,0,0,0
2026-03-23T06:18:12Z,down,0,0,0
2026-03-23T07:41:51Z,down,0,0,0
2026-03-23T08:35:26Z,down,0,0,0
2026-03-23T09:42:20Z,down,0,0,0
2026-03-23T10:36:56Z,down,0,0,0
2026-03-23T11:28:00Z,down,0,0,0
2026-03-23T12:03:46Z,down,0,0,0
2026-03-23T13:43:11Z,down,0,0,0
2026-03-23T14:42:55Z,down,0,0,0
2026-03-23T15:43:01Z,down,0,0,0
2026-03-23T16:36:39Z,down,0,0,0
2026-03-23T17:31:26Z,down,0,0,0
2026-03-23T18:27:34Z,down,0,0,0
2026-03-23T19:27:22Z,down,0,0,0
2026-03-23T20:02:19Z,down,0,0,0
2026-03-23T20:49:42Z,down,0,0,0
2026-03-23T21:23:06Z,down,0,0,0
2026-03-23T21:53:40Z,down,0,0,0
2026-03-23T22:21:58Z,down,0,0,0
2026-03-23T22:55:58Z,down,0,0,0
2026-03-23T23:29:02Z,down,0,0,0
2026-03-23T23:56:54Z,down,0,0,0
2026-03-24T02:02:23Z,down,0,0,0
2026-03-24T04:25:51Z,down,0,0,0
2026-03-24T05:41:59Z,down,0,0,0
2026-03-24T06:44:03Z,down,0,0,0
2026-03-24T07:42:10Z,down,0,0,0
2026-03-24T08:30:59Z,down,0,0,0
2026-03-24T09:31:16Z,down,0,0,0
2026-03-24T10:28:29Z,down,0,0,0
2026-03-24T11:24:52Z,down,0,0,0
2026-03-24T12:01:55Z,down,0,0,0
2026-03-24T13:44:43Z,down,0,0,0
2026-03-24T14:44:45Z,down,0,0,0
2026-03-24T15:47:53Z,down,0,0,0
2026-03-24T16:44:21Z,down,0,0,0
2026-03-24T17:40:42Z,down,0,0,0
2026-03-24T18:38:43Z,down,0,0,0
2026-03-24T19:39:09Z,down,0,0,0
2026-03-24T20:07:07Z,down,0,0,0
2026-03-24T20:55:46Z,down,0,0,0
2026-03-24T21:34:22Z,down,0,0,0
2026-03-24T22:03:35Z,down,0,0,0
2026-03-24T22:45:08Z,down,0,0,0
2026-03-24T23:16:30Z,down,0,0,0
2026-03-24T23:48:52Z,down,0,0,0
2026-03-25T00:58:14Z,down,0,0,0
2026-03-25T03:38:54Z,down,0,0,0
2026-03-25T05:14:06Z,down,0,0,0
2026-03-25T06:14:57Z,down,0,0,0
2026-03-25T07:19:42Z,down,0,0,0
2026-03-25T08:04:01Z,down,0,0,0
2026-03-25T09:04:22Z,down,0,0,0
2026-03-25T10:04:23Z,down,0,0,0
2026-03-25T11:01:36Z,down,0,0,0
2026-03-25T11:50:19Z,down,0,0,0
2026-03-25T12:34:19Z,down,0,0,0
2026-03-25T13:59:58Z,down,0,0,0
2026-03-25T15:09:14Z,down,0,0,0
2026-03-25T16:21:19Z,down,0,0,0
2026-03-25T17:31:38Z,down,0,0,0
2026-03-25T18:30:53Z,down,0,0,0
2026-03-25T19:27:23Z,down,0,0,0
2026-03-25T20:01:17Z,down,0,0,0
2026-03-25T20:51:49Z,down,0,0,0
2026-03-25T21:24:40Z,down,0,0,0
2026-03-25T22:00:05Z,down,0,0,0
2026-03-25T22:47:12Z,down,0,0,0
2026-03-25T23:20:42Z,down,0,0,0
2026-03-25T23:54:05Z,down,0,0,0
2026-03-26T01:25:02Z,down,0,0,0
2026-03-26T04:10:41Z,down,0,0,0
2026-03-26T05:49:54Z,down,0,0,0
2026-03-26T06:51:40Z,down,0,0,0
2026-03-26T07:51:28Z,down,0,0,0
2026-03-26T08:37:46Z,down,0,0,0
2026-03-26T09:42:06Z,down,0,0,0
2026-03-26T10:36:03Z,down,0,0,0
2026-03-26T11:32:15Z,down,0,0,0
2026-03-26T12:10:08Z,down,0,0,0
2026-03-26T13:58:15Z,down,0,0,0
2026-03-26T15:07:17Z,down,0,0,0
2026-03-26T16:20:06Z,down,0,0,0
2026-03-26T17:32:21Z,down,0,0,0
2026-03-26T18:36:39Z,down,0,0,0
2026-03-26T19:40:05Z,down,0,0,0
2026-03-26T20:05:01Z,down,0,0,0
2026-03-26T20:48:58Z,down,0,0,0
2026-03-26T21:19:21Z,down,0,0,0
2026-03-26T21:49:21Z,down,0,0,0
2026-03-26T22:02:43Z,down,0,0,0
2026-03-26T22:45:00Z,down,0,0,0
2026-03-26T23:03:42Z,down,0,0,0
2026-03-26T23:43:39Z,down,0,0,0
2026-03-27T00:03:32Z,down,0,0,0
2026-03-27T03:26:27Z,down,0,0,0
2026-03-27T05:21:39Z,down,0,0,0
2026-03-27T06:41:57Z,down,0,0,0
2026-03-27T07:45:59Z,down,0,0,0
2026-03-27T08:33:35Z,down,0,0,0
2026-03-27T09:32:30Z,down,0,0,0
2026-03-27T10:26:25Z,down,0,0,0
2026-03-27T11:12:33Z,down,0,0,0
2026-03-27T11:56:20Z,down,0,0,0
2026-03-27T13:01:40Z,down,0,0,0
2026-03-27T14:15:38Z,down,0,0,0
2026-03-27T15:10:24Z,down,0,0,0
2026-03-27T16:05:38Z,down,0,0,0
2026-03-27T17:07:22Z,down,0,0,0
2026-03-27T18:00:56Z,down,0,0,0
2026-03-27T19:07:20Z,down,0,0,0
2026-03-27T19:48:32Z,down,0,0,0
2026-03-27T20:21:27Z,down,0,0,0
2026-03-27T21:00:24Z,down,0,0,0
2026-03-27T21:46:54Z,down,0,0,0
2026-03-27T22:04:19Z,down,0,0,0
2026-03-27T22:49:05Z,down,0,0,0
2026-03-27T23:19:37Z,down,0,0,0
2026-03-27T23:49:03Z,down,0,0,0
2026-03-28T00:57:06Z,down,0,0,0
2026-03-28T03:36:00Z,down,0,0,0
2026-03-28T05:12:01Z,down,0,0,0
2026-03-28T06:11:41Z,down,0,0,0
2026-03-28T07:14:00Z,down,0,0,0
2026-03-28T07:54:33Z,down,0,0,0
2026-03-28T08:30:27Z,down,0,0,0
2026-03-28T09:06:51Z,down,0,0,0
2026-03-28T09:51:29Z,down,0,0,0
2026-03-28T10:18:14Z,down,0,0,0
2026-03-28T10:53:50Z,down,0,0,0
2026-03-28T11:20:23Z,down,0,0,0
2026-03-28T11:47:15Z,down,0,0,0
2026-03-28T12:01:54Z,down,0,0,0
2026-03-28T13:15:34Z,down,0,0,0
2026-03-28T13:58:38Z,down,0,0,0
2026-03-28T14:35:52Z,down,0,0,0
2026-03-28T15:01:47Z,down,0,0,0
2026-03-28T15:40:26Z,down,0,0,0
2026-03-28T16:01:22Z,down,0,0,0
2026-03-28T16:46:34Z,down,0,0,0
2026-03-28T17:15:32Z,down,0,0,0
2026-03-28T17:48:19Z,down,0,0,0
2026-03-28T18:19:33Z,down,0,0,0
2026-03-28T19:02:45Z,down,0,0,0
2026-03-28T19:38:22Z,down,0,0,0
2026-03-28T19:57:10Z,down,0,0,0
2026-03-28T20:30:13Z,down,0,0,0
2026-03-28T20:58:17Z,down,0,0,0
2026-03-28T21:32:43Z,down,0,0,0
2026-03-28T21:55:48Z,down,0,0,0
2026-03-28T22:24:44Z,down,0,0,0
2026-03-28T22:54:18Z,down,0,0,0
2026-03-28T23:23:06Z,down,0,0,0
2026-03-28T23:51:58Z,down,0,0,0
2026-03-29T01:06:21Z,down,0,0,0
2026-03-29T04:09:30Z,down,0,0,0
2026-03-29T05:50:31Z,down,0,0,0
2026-03-29T06:47:44Z,down,0,0,0
2026-03-29T07:41:24Z,down,0,0,0
2026-03-29T08:06:45Z,down,0,0,0
2026-03-29T08:56:40Z,down,0,0,0
2026-03-29T09:35:44Z,down,0,0,0
2026-03-29T10:03:41Z,down,0,0,0
2026-03-29T10:49:14Z,down,0,0,0
2026-03-29T11:16:52Z,down,0,0,0
2026-03-29T11:46:14Z,down,0,0,0
2026-03-29T12:02:15Z,down,0,0,0
2026-03-29T13:16:19Z,down,0,0,0
2026-03-29T14:01:19Z,down,0,0,0
2026-03-29T14:42:42Z,down,0,0,0
2026-03-29T15:05:16Z,down,0,0,0
2026-03-29T15:44:23Z,down,0,0,0
2026-03-29T16:03:30Z,down,0,0,0
2026-03-29T16:49:17Z,down,0,0,0
2026-03-29T17:18:28Z,down,0,0,0
2026-03-29T17:51:33Z,down,0,0,0
2026-03-29T18:22:31Z,down,0,0,0
2026-03-29T19:06:26Z,down,0,0,0
2026-03-29T19:44:01Z,down,0,0,0
2026-03-29T20:02:07Z,down,0,0,0
2026-03-29T20:46:49Z,down,0,0,0
2026-03-29T21:17:07Z,down,0,0,0
2026-03-29T21:49:16Z,down,0,0,0
2026-03-29T22:15:05Z,down,0,0,0
2026-03-29T22:53:25Z,down,0,0,0
2026-03-29T23:21:12Z,down,0,0,0
2026-03-29T23:52:17Z,down,0,0,0
2026-03-30T01:07:24Z,down,0,0,0
2026-03-30T04:16:01Z,down,0,0,0
2026-03-30T06:13:29Z,down,0,0,0
2026-03-30T08:00:33Z,down,0,0,0
2026-03-30T09:23:54Z,down,0,0,0
2026-03-30T10:43:09Z,down,0,0,0
2026-03-30T11:40:56Z,down,0,0,0
2026-03-30T12:40:09Z,down,0,0,0
2026-03-30T14:11:06Z,down,0,0,0
2026-03-30T15:39:45Z,down,0,0,0
2026-03-30T16:38:14Z,down,0,0,0
2026-03-30T17:35:08Z,down,0,0,0
2026-03-30T18:35:33Z,down,0,0,0
2026-03-30T19:37:47Z,down,0,0,0
2026-03-30T20:23:41Z,down,0,0,0
2026-03-30T21:05:51Z,down,0,0,0
2026-03-30T21:54:44Z,down,0,0,0
2026-03-30T22:27:48Z,down,0,0,0
2026-03-30T23:04:26Z,down,0,0,0
2026-03-30T23:48:15Z,down,0,0,0
2026-03-31T01:03:27Z,down,0,0,0
2026-03-31T03:55:52Z,down,0,0,0
2026-03-31T05:42:47Z,down,0,0,0
2026-03-31T06:56:36Z,down,0,0,0
2026-03-31T08:07:39Z,down,0,0,0
2026-03-31T09:15:51Z,down,0,0,0
2026-03-31T10:15:29Z,down,0,0,0
2026-03-31T11:12:53Z,down,0,0,0
2026-03-31T12:01:06Z,down,0,0,0
2026-03-31T13:55:21Z,down,0,0,0
2026-03-31T14:57:14Z,down,0,0,0
2026-03-31T16:05:26Z,down,0,0,0
2026-03-31T17:12:13Z,down,0,0,0
2026-03-31T18:06:21Z,down,0,0,0
2026-03-31T19:17:07Z,down,0,0,0
2026-03-31T20:01:45Z,down,0,0,0
2026-03-31T20:53:15Z,down,0,0,0
2026-03-31T21:28:06Z,down,0,0,0
2026-03-31T22:03:25Z,down,0,0,0
2026-03-31T22:48:12Z,down,0,0,0
2026-03-31T23:19:43Z,down,0,0,0
2026-03-31T23:52:58Z,down,0,0,0
2026-04-01T01:19:15Z,down,0,0,0
2026-04-01T04:23:39Z,down,0,0,0
2026-04-01T06:09:30Z,down,0,0,0
2026-04-01T07:53:14Z,down,0,0,0
2026-04-01T08:53:05Z,down,0,0,0
2026-04-01T09:57:53Z,down,0,0,0
2026-04-01T10:58:40Z,down,0,0,0
2026-04-01T11:55:05Z,down,0,0,0
2026-04-01T13:05:30Z,down,0,0,0
2026-04-01T14:44:35Z,down,0,0,0
2026-04-01T15:58:04Z,down,0,0,0
2026-04-01T16:58:50Z,down,0,0,0
2026-04-01T17:53:45Z,down,0,0,0
2026-04-01T18:45:45Z,down,0,0,0
2026-04-01T19:46:44Z,down,0,0,0
2026-04-01T20:29:01Z,down,0,0,0
2026-04-01T21:09:39Z,down,0,0,0
2026-04-01T21:56:35Z,down,0,0,0
2026-04-01T22:35:50Z,down,0,0,0
2026-04-01T23:09:08Z,down,0,0,0
2026-04-01T23:50:10Z,down,0,0,0
2026-04-02T01:01:05Z,down,0,0,0
2026-04-02T03:48:33Z,down,0,0,0
2026-04-02T05:25:51Z,down,0,0,0
2026-04-02T06:47:34Z,down,0,0,0
2026-04-02T07:54:17Z,down,0,0,0
2026-04-02T08:46:11Z,down,0,0,0
2026-04-02T09:45:53Z,down,0,0,0
2026-04-02T10:38:11Z,down,0,0,0
2026-04-02T11:30:01Z,down,0,0,0
2026-04-02T12:08:55Z,down,0,0,0
2026-04-02T13:55:02Z,down,0,0,0
2026-04-02T14:50:03Z,down,0,0,0
2026-04-02T15:45:50Z,down,0,0,0
2026-04-02T16:40:14Z,down,0,0,0
2026-04-02T17:32:42Z,down,0,0,0
2026-04-02T18:31:08Z,down,0,0,0
2026-04-02T19:31:19Z,down,0,0,0
2026-04-02T20:03:49Z,down,0,0,0
2026-04-02T20:49:02Z,down,0,0,0
2026-04-02T21:22:53Z,down,0,0,0
2026-04-02T21:56:49Z,down,0,0,0
2026-04-02T22:30:31Z,down,0,0,0
2026-04-02T23:02:34Z,down,0,0,0
2026-04-02T23:46:00Z,down,0,0,0
2026-04-03T01:02:21Z,down,0,0,0
2026-04-03T03:50:18Z,down,0,0,0
2026-04-03T05:26:46Z,down,0,0,0
2026-04-03T06:45:13Z,down,0,0,0
2026-04-03T07:48:48Z,down,0,0,0
2026-04-03T08:36:10Z,down,0,0,0
2026-04-03T09:35:07Z,down,0,0,0
2026-04-03T10:23:55Z,down,0,0,0
2026-04-03T11:07:32Z,down,0,0,0
2026-04-03T11:50:56Z,down,0,0,0
2026-04-03T12:31:50Z,down,0,0,0
2026-04-03T13:45:24Z,down,0,0,0
2026-04-03T14:29:50Z,down,0,0,0
2026-04-03T15:11:09Z,down,0,0,0
2026-04-03T15:53:09Z,down,0,0,0
2026-04-03T16:27:23Z,down,0,0,0
2026-04-03T17:03:42Z,down,0,0,0
2026-04-03T17:48:46Z,down,0,0,0
2026-04-03T18:27:10Z,down,0,0,0
2026-04-03T19:11:44Z,down,0,0,0
2026-04-03T19:52:58Z,down,0,0,0
2026-04-03T20:22:37Z,down,0,0,0
2026-04-03T20:59:38Z,down,0,0,0
2026-04-03T21:40:39Z,down,0,0,0
2026-04-03T22:03:00Z,down,0,0,0
2026-04-03T22:47:57Z,down,0,0,0
2026-04-03T23:20:23Z,down,0,0,0
2026-04-03T23:53:20Z,down,0,0,0
2026-04-04T01:10:20Z,down,0,0,0
2026-04-04T03:42:39Z,down,0,0,0
2026-04-04T05:13:16Z,down,0,0,0
2026-04-04T06:13:13Z,down,0,0,0
2026-04-04T07:18:52Z,down,0,0,0
2026-04-04T07:59:13Z,down,0,0,0
2026-04-04T08:50:42Z,down,0,0,0
2026-04-04T09:24:53Z,down,0,0,0
2026-04-04T10:00:49Z,down,0,0,0
2026-04-04T10:44:38Z,down,0,0,0
2026-04-04T11:15:19Z,down,0,0,0
2026-04-04T11:45:36Z,down,0,0,0
2026-04-04T12:02:16Z,down,0,0,0
2026-04-04T13:16:29Z,down,0,0,0
2026-04-04T14:01:04Z,down,0,0,0
2026-04-04T14:41:41Z,down,0,0,0
2026-04-04T15:04:36Z,down,0,0,0
2026-04-04T15:44:20Z,down,0,0,0
2026-04-04T16:03:44Z,down,0,0,0
2026-04-04T16:50:36Z,down,0,0,0
2026-04-04T17:19:28Z,down,0,0,0
2026-04-04T17:52:14Z,down,0,0,0
2026-04-04T18:22:29Z,down,0,0,0
2026-04-04T19:05:21Z,down,0,0,0
2026-04-04T19:41:14Z,down,0,0,0
2026-04-04T19:59:28Z,down,0,0,0
2026-04-04T20:39:27Z,down,0,0,0
2026-04-04T21:03:39Z,down,0,0,0
2026-04-04T21:42:29Z,down,0,0,0
2026-04-04T22:00:28Z,down,0,0,0
2026-04-04T22:39:29Z,down,0,0,0
2026-04-04T23:02:01Z,down,0,0,0
2026-04-04T23:41:01Z,down,0,0,0
2026-04-05T00:00:59Z,down,0,0,0
2026-04-05T03:31:27Z,down,0,0,0
2026-04-05T05:26:40Z,down,0,0,0
2026-04-05T06:41:50Z,down,0,0,0
2026-04-05T07:41:39Z,down,0,0,0
2026-04-05T08:23:10Z,down,0,0,0
2026-04-05T09:04:16Z,down,0,0,0
2026-04-05T09:53:07Z,down,0,0,0
2026-04-05T10:22:55Z,down,0,0,0
2026-04-05T10:59:28Z,down,0,0,0
2026-04-05T11:36:23Z,down,0,0,0
2026-04-05T11:57:15Z,down,0,0,0
2026-04-05T12:57:00Z,down,0,0,0
2026-04-05T13:54:57Z,down,0,0,0
2026-04-05T14:30:42Z,down,0,0,0
2026-04-05T15:04:02Z,down,0,0,0
2026-04-05T15:45:17Z,down,0,0,0
2026-04-05T16:05:15Z,down,0,0,0
2026-04-05T16:51:52Z,down,0,0,0
2026-04-05T17:18:52Z,down,0,0,0
2026-04-05T17:52:40Z,down,0,0,0
2026-04-05T18:24:38Z,down,0,0,0
2026-04-05T19:09:12Z,down,0,0,0
2026-04-05T19:47:58Z,down,0,0,0
2026-04-05T20:03:12Z,down,0,0,0
2026-04-05T20:47:58Z,down,0,0,0
2026-04-05T21:17:40Z,down,0,0,0
2026-04-05T21:49:52Z,down,0,0,0
2026-04-05T22:15:57Z,down,0,0,0
2026-04-05T22:53:29Z,down,0,0,0
2026-04-05T23:24:15Z,down,0,0,0
2026-04-05T23:55:43Z,down,0,0,0
2026-04-06T02:04:47Z,down,0,0,0
2026-04-06T04:51:38Z,down,0,0,0
2026-04-06T06:22:40Z,down,0,0,0
2026-04-06T08:07:19Z,down,0,0,0
2026-04-06T09:21:49Z,down,0,0,0
2026-04-06T10:35:11Z,down,0,0,0
2026-04-06T11:30:14Z,down,0,0,0
2026-04-06T12:07:19Z,down,0,0,0
2026-04-06T13:44:06Z,down,0,0,0
2026-04-06T14:36:19Z,down,0,0,0
2026-04-06T15:28:57Z,down,0,0,0
2026-04-06T16:10:20Z,down,0,0,0
2026-04-06T17:05:35Z,down,0,0,0
2026-04-06T18:00:35Z,down,0,0,0
2026-04-06T19:13:28Z,down,0,0,0
2026-04-06T19:58:23Z,down,0,0,0
2026-04-06T20:40:41Z,down,0,0,0
2026-04-06T21:22:01Z,down,0,0,0
2026-04-06T21:54:59Z,down,0,0,0
2026-04-06T22:30:14Z,down,0,0,0
2026-04-06T23:06:26Z,down,0,0,0
2026-04-06T23:49:13Z,down,0,0,0
2026-04-07T01:04:34Z,down,0,0,0
2026-04-07T03:55:06Z,down,0,0,0
2026-04-07T05:44:20Z,down,0,0,0
2026-04-07T06:59:23Z,down,0,0,0
2026-04-07T08:16:48Z,down,0,0,0
2026-04-07T09:36:54Z,down,0,0,0
2026-04-07T10:38:12Z,down,0,0,0
2026-04-07T11:35:59Z,down,0,0,0
2026-04-07T12:40:13Z,down,0,0,0
2026-04-07T14:12:52Z,down,0,0,0
2026-04-07T15:43:58Z,down,0,0,0
2026-04-07T16:39:46Z,down,0,0,0
2026-04-07T17:39:36Z,down,0,0,0
2026-04-07T18:35:18Z,down,0,0,0
2026-04-07T19:40:05Z,down,0,0,0
2026-04-07T20:24:01Z,down,0,0,0
2026-04-07T21:08:21Z,down,0,0,0
2026-04-07T21:56:10Z,down,0,0,0
2026-04-07T22:35:41Z,down,0,0,0
2026-04-07T23:21:11Z,down,0,0,0
2026-04-07T23:56:59Z,down,0,0,0
2026-04-08T02:24:43Z,down,0,0,0
2026-04-08T04:59:10Z,down,0,0,0
2026-04-08T06:22:37Z,down,0,0,0
2026-04-08T07:56:09Z,down,0,0,0
2026-04-08T08:57:53Z,down,0,0,0
2026-04-08T10:09:31Z,down,0,0,0
2026-04-08T11:14:46Z,down,0,0,0
2026-04-08T12:04:28Z,down,0,0,0
2026-04-08T13:59:05Z,down,0,0,0
2026-04-08T15:15:51Z,down,0,0,0
2026-04-08T16:38:34Z,down,0,0,0
2026-04-08T17:44:51Z,down,0,0,0
2026-04-08T18:52:54Z,down,0,0,0
2026-04-08T19:52:53Z,down,0,0,0
2026-04-08T20:30:36Z,down,0,0,0
2026-04-08T21:25:01Z,down,0,0,0
2026-04-08T22:05:06Z,down,0,0,0
2026-04-08T22:57:16Z,down,0,0,0
2026-04-08T23:38:32Z,down,0,0,0
2026-04-09T00:03:16Z,down,0,0,0
2026-04-09T03:22:36Z,down,0,0,0
2026-04-09T05:24:54Z,down,0,0,0
2026-04-09T06:54:07Z,down,0,0,0
2026-04-09T08:13:46Z,down,0,0,0
2026-04-09T09:41:08Z,down,0,0,0
2026-04-09T10:45:20Z,down,0,0,0
2026-04-09T11:39:36Z,down,0,0,0
2026-04-09T12:45:38Z,down,0,0,0
2026-04-09T14:29:13Z,down,0,0,0
2026-04-09T16:03:19Z,down,0,0,0
2026-04-09T17:18:41Z,down,0,0,0
2026-04-09T18:13:27Z,down,0,0,0
2026-04-09T19:37:50Z,down,0,0,0
2026-04-09T20:29:33Z,down,0,0,0
2026-04-09T21:24:23Z,down,0,0,0
2026-04-09T22:02:31Z,down,0,0,0
2026-04-09T22:55:24Z,down,0,0,0
2026-04-09T23:34:25Z,down,0,0,0
2026-04-10T00:05:15Z,down,0,0,0
2026-04-10T03:37:06Z,down,0,0,0
2026-04-10T05:49:04Z,down,0,0,0
2026-04-10T07:10:17Z,down,0,0,0
2026-04-10T08:46:20Z,down,0,0,0
2026-04-10T09:54:35Z,down,0,0,0
2026-04-10T10:44:54Z,down,0,0,0
2026-04-10T11:36:02Z,down,0,0,0
2026-04-10T12:31:51Z,down,0,0,0
2026-04-10T13:57:35Z,down,0,0,0
2026-04-10T14:49:26Z,down,0,0,0
2026-04-10T15:37:15Z,down,0,0,0
2026-04-10T16:32:21Z,down,0,0,0
2026-04-10T17:27:58Z,down,0,0,0
2026-04-10T18:08:34Z,down,0,0,0
2026-04-10T19:10:45Z,down,0,0,0
2026-04-10T19:53:45Z,down,0,0,0
2026-04-10T20:25:00Z,down,0,0,0
2026-04-10T21:01:58Z,down,0,0,0
2026-04-10T21:50:32Z,down,0,0,0
2026-04-10T22:23:20Z,down,0,0,0
2026-04-10T23:00:22Z,down,0,0,0
2026-04-10T23:45:58Z,down,0,0,0
2026-04-11T01:00:33Z,down,0,0,0
2026-04-11T03:41:28Z,down,0,0,0
2026-04-11T05:16:30Z,down,0,0,0
2026-04-11T06:15:38Z,down,0,0,0
2026-04-11T07:19:13Z,down,0,0,0
2026-04-11T08:00:51Z,down,0,0,0
2026-04-11T08:56:42Z,down,0,0,0
2026-04-11T09:38:27Z,down,0,0,0
2026-04-11T10:07:38Z,down,0,0,0
2026-04-11T10:53:54Z,down,0,0,0
2026-04-11T11:23:18Z,down,0,0,0
2026-04-11T11:50:36Z,down,0,0,0
2026-04-11T12:26:28Z,down,0,0,0
2026-04-11T13:35:46Z,down,0,0,0
2026-04-11T14:09:30Z,down,0,0,0
2026-04-11T14:54:21Z,down,0,0,0
2026-04-11T15:25:32Z,down,0,0,0
2026-04-11T15:54:20Z,down,0,0,0
2026-04-11T16:28:02Z,down,0,0,0
2026-04-11T17:04:20Z,down,0,0,0
2026-04-11T17:46:32Z,down,0,0,0
2026-04-11T18:21:28Z,down,0,0,0
2026-04-11T19:08:02Z,down,0,0,0
2026-04-11T19:48:06Z,down,0,0,0
2026-04-11T20:15:37Z,down,0,0,0
2026-04-11T20:52:58Z,down,0,0,0
2026-04-11T21:22:12Z,down,0,0,0
2026-04-11T21:53:18Z,down,0,0,0
2026-04-11T22:20:18Z,down,0,0,0
2026-04-11T22:56:18Z,down,0,0,0
2026-04-11T23:30:56Z,down,0,0,0
2026-04-12T00:01:05Z,down,0,0,0
2026-04-12T03:38:32Z,down,0,0,0
2026-04-12T05:36:51Z,down,0,0,0
2026-04-12T06:55:53Z,down,0,0,0
2026-04-12T08:01:29Z,down,0,0,0
2026-04-12T09:01:59Z,down,0,0,0
2026-04-12T09:53:29Z,down,0,0,0
2026-04-12T10:29:17Z,down,0,0,0
2026-04-12T11:08:21Z,down,0,0,0
2026-04-12T11:47:25Z,down,0,0,0
2026-04-12T12:27:39Z,down,0,0,0
2026-04-12T13:40:10Z,down,0,0,0
2026-04-12T14:23:39Z,down,0,0,0
2026-04-12T15:02:35Z,down,0,0,0
2026-04-12T15:48:24Z,down,0,0,0
2026-04-12T16:21:17Z,down,0,0,0
2026-04-12T17:00:33Z,down,0,0,0
2026-04-12T17:44:35Z,down,0,0,0
2026-04-12T18:25:25Z,down,0,0,0
2026-04-12T19:12:20Z,down,0,0,0
2026-04-12T19:52:55Z,down,0,0,0
2026-04-12T20:21:56Z,down,0,0,0
2026-04-12T20:58:22Z,down,0,0,0
2026-04-12T21:38:15Z,down,0,0,0
2026-04-12T22:03:15Z,down,0,0,0
2026-04-12T22:49:58Z,down,0,0,0
2026-04-12T23:21:36Z,down,0,0,0
2026-04-12T23:56:12Z,down,0,0,0
2026-04-13T02:27:31Z,down,0,0,0
2026-04-13T05:27:08Z,down,0,0,0
2026-04-13T07:26:10Z,down,0,0,0
2026-04-13T09:18:08Z,down,0,0,0
2026-04-13T10:57:53Z,down,0,0,0
2026-04-13T12:04:01Z,down,0,0,0
2026-04-13T14:04:05Z,down,0,0,0
2026-04-13T15:40:19Z,down,0,0,0
2026-04-13T16:45:52Z,down,0,0,0
2026-04-13T17:44:53Z,down,0,0,0
2026-04-13T18:51:34Z,down,0,0,0
2026-04-13T19:57:44Z,down,0,0,0
2026-04-13T20:57:24Z,down,0,0,0
2026-04-13T21:51:09Z,down,0,0,0
2026-04-13T22:32:24Z,down,0,0,0
2026-04-13T23:26:32Z,down,0,0,0
2026-04-14T00:06:39Z,down,0,0,0
2026-04-14T03:37:32Z,down,0,0,0
2026-04-14T05:48:31Z,down,0,0,0
2026-04-14T07:12:10Z,down,0,0,0
2026-04-14T08:53:43Z,down,0,0,0
2026-04-14T10:07:14Z,down,0,0,0
2026-04-14T11:18:09Z,down,0,0,0
2026-04-14T12:10:27Z,down,0,0,0
2026-04-14T14:11:12Z,down,0,0,0
2026-04-14T15:38:26Z,down,0,0,0
2026-04-14T16:43:51Z,down,0,0,0
2026-04-14T17:49:41Z,down,0,0,0
2026-04-14T18:52:40Z,down,0,0,0
2026-04-14T19:58:14Z,down,0,0,0
2026-04-14T20:58:03Z,down,0,0,0
2026-04-14T21:53:55Z,down,0,0,0
2026-04-14T22:37:30Z,down,0,0,0
2026-04-14T23:28:08Z,down,0,0,0
2026-04-15T00:07:21Z,down,0,0,0
2026-04-15T03:37:00Z,down,0,0,0
2026-04-15T05:48:59Z,down,0,0,0
2026-04-15T07:13:07Z,down,0,0,0
2026-04-15T08:55:47Z,down,0,0,0
2026-04-15T10:14:12Z,down,0,0,0
2026-04-15T11:18:00Z,down,0,0,0
2026-04-15T12:08:18Z,down,0,0,0
2026-04-15T14:02:56Z,down,0,0,0
2026-04-15T15:15:58Z,down,0,0,0
2026-04-15T16:16:15Z,down,0,0,0
2026-04-15T17:33:39Z,down,0,0,0
2026-04-15T18:44:18Z,down,0,0,0
2026-04-15T19:53:14Z,down,0,0,0
2026-04-15T20:37:40Z,down,0,0,0
2026-04-15T21:34:32Z,down,0,0,0
2026-04-15T22:23:49Z,down,0,0,0
2026-04-15T23:07:24Z,down,0,0,0
2026-04-15T23:56:41Z,down,0,0,0
2026-04-16T02:31:54Z,down,0,0,0
2026-04-16T05:17:41Z,down,0,0,0
2026-04-16T07:04:47Z,down,0,0,0
2026-04-16T08:52:48Z,down,0,0,0
2026-04-16T10:05:03Z,down,0,0,0
2026-04-16T11:17:38Z,down,0,0,0
2026-04-16T12:12:02Z,down,0,0,0
2026-04-16T14:12:52Z,down,0,0,0
2026-04-16T15:55:56Z,down,0,0,0
2026-04-16T17:10:27Z,down,0,0,0
2026-04-16T18:17:47Z,down,0,0,0
2026-04-16T19:39:48Z,down,0,0,0
2026-04-16T20:29:03Z,down,0,0,0
2026-04-16T21:11:58Z,down,0,0,0
2026-04-16T21:59:41Z,down,0,0,0
2026-04-16T22:51:10Z,down,0,0,0
2026-04-16T23:28:57Z,down,0,0,0
2026-04-17T00:06:48Z,down,0,0,0
2026-04-17T03:40:46Z,down,0,0,0
2026-04-17T05:52:36Z,down,0,0,0
2026-04-17T07:15:36Z,down,0,0,0
2026-04-17T08:56:52Z,down,0,0,0
2026-04-17T10:13:36Z,down,0,0,0
2026-04-17T11:13:43Z,down,0,0,0
2026-04-17T12:05:13Z,down,0,0,0
2026-04-17T13:55:18Z,down,0,0,0
2026-04-17T14:51:11Z,down,0,0,0
2026-04-17T15:45:09Z,down,0,0,0
2026-04-17T16:37:48Z,down,0,0,0
2026-04-17T17:31:00Z,down,0,0,0
2026-04-17T18:30:31Z,down,0,0,0
2026-04-17T19:40:34Z,down,0,0,0
2026-04-17T20:25:22Z,down,0,0,0
2026-04-17T21:08:34Z,down,0,0,0
2026-04-17T21:59:32Z,down,0,0,0
2026-04-17T22:50:17Z,down,0,0,0
2026-04-17T23:27:14Z,down,0,0,0
2026-04-18T00:03:45Z,down,0,0,0
2026-04-18T03:25:54Z,down,0,0,0
2026-04-18T05:21:25Z,down,0,0,0
2026-04-18T06:41:45Z,down,0,0,0
2026-04-18T07:45:51Z,down,0,0,0
2026-04-18T08:31:01Z,down,0,0,0
2026-04-18T09:27:38Z,down,0,0,0
2026-04-18T10:07:57Z,down,0,0,0
2026-04-18T10:58:24Z,down,0,0,0
2026-04-18T11:37:20Z,down,0,0,0
2026-04-18T12:02:36Z,down,0,0,0
2026-04-18T13:22:18Z,down,0,0,0
2026-04-18T14:08:21Z,down,0,0,0
2026-04-18T14:56:33Z,down,0,0,0
2026-04-18T15:35:59Z,down,0,0,0
2026-04-18T16:06:20Z,down,0,0,0
2026-04-18T16:56:59Z,down,0,0,0
2026-04-18T17:35:50Z,down,0,0,0
2026-04-18T18:06:18Z,down,0,0,0
2026-04-18T19:07:04Z,down,0,0,0
2026-04-18T19:50:34Z,down,0,0,0
2026-04-18T20:20:48Z,down,0,0,0
2026-04-18T20:58:22Z,down,0,0,0
2026-04-18T21:38:56Z,down,0,0,0
2026-04-18T22:04:12Z,down,0,0,0
2026-04-18T22:50:31Z,down,0,0,0
2026-04-18T23:22:05Z,down,0,0,0
2026-04-18T23:56:22Z,down,0,0,0
2026-04-19T02:28:40Z,down,0,0,0
2026-04-19T05:15:42Z,down,0,0,0
2026-04-19T06:54:37Z,down,0,0,0
2026-04-19T08:02:55Z,down,0,0,0
2026-04-19T09:03:27Z,down,0,0,0
2026-04-19T09:57:39Z,down,0,0,0
2026-04-19T10:40:19Z,down,0,0,0
2026-04-19T11:21:36Z,down,0,0,0
2026-04-19T11:54:30Z,down,0,0,0
2026-04-19T12:42:12Z,down,0,0,0
2026-04-19T13:47:04Z,down,0,0,0
2026-04-19T14:29:04Z,down,0,0,0
2026-04-19T15:07:43Z,down,0,0,0
2026-04-19T15:51:50Z,down,0,0,0
2026-04-19T16:23:52Z,down,0,0,0
2026-04-19T17:03:14Z,down,0,0,0
2026-04-19T17:49:12Z,down,0,0,0
2026-04-19T18:28:45Z,down,0,0,0
2026-04-19T19:23:44Z,down,0,0,0
2026-04-19T19:58:01Z,down,0,0,0
2026-04-19T20:40:46Z,down,0,0,0
2026-04-19T21:19:02Z,down,0,0,0
2026-04-19T21:54:03Z,down,0,0,0
2026-04-19T22:26:14Z,down,0,0,0
2026-04-19T23:03:05Z,down,0,0,0
2026-04-19T23:49:20Z,down,0,0,0
2026-04-20T01:13:06Z,down,0,0,0
2026-04-20T04:30:31Z,down,0,0,0
2026-04-20T06:33:23Z,down,0,0,0
2026-04-20T08:37:16Z,down,0,0,0
2026-04-20T10:21:24Z,down,0,0,0
2026-04-20T11:47:33Z,down,0,0,0
2026-04-20T12:54:58Z,down,0,0,0
2026-04-20T14:44:23Z,down,0,0,0
2026-04-20T15:57:47Z,down,0,0,0
2026-04-20T17:05:16Z,down,0,0,0
2026-04-20T18:07:25Z,down,0,0,0
2026-04-20T19:22:26Z,down,0,0,0
2026-04-20T20:08:30Z,down,0,0,0
2026-04-20T21:54:41Z,down,0,0,0
2026-04-20T22:36:59Z,down,0,0,0
2026-04-20T23:25:57Z,down,0,0,0
2026-04-21T00:04:43Z,down,0,0,0
2026-04-21T03:40:38Z,down,0,0,0
2026-04-21T05:51:46Z,down,0,0,0
2026-04-21T07:17:35Z,down,0,0,0
2026-04-21T09:06:39Z,down,0,0,0
2026-04-21T10:40:47Z,down,0,0,0
2026-04-21T11:44:31Z,down,0,0,0
2026-04-21T12:47:08Z,down,0,0,0
2026-04-21T14:23:45Z,down,0,0,0
2026-04-21T15:48:23Z,down,0,0,0
2026-04-21T16:43:58Z,down,0,0,0
2026-04-21T17:43:27Z,down,0,0,0
2026-04-21T18:45:50Z,down,0,0,0
2026-04-21T19:53:09Z,down,0,0,0
2026-04-21T20:38:52Z,down,0,0,0
2026-04-21T21:29:14Z,down,0,0,0
2026-04-21T22:09:57Z,down,0,0,0
2026-04-21T22:57:53Z,down,0,0,0
2026-04-21T23:36:50Z,down,0,0,0
2026-04-22T00:06:03Z,down,0,0,0
2026-04-22T03:38:46Z,down,0,0,0
2026-04-22T05:50:50Z,down,0,0,0
2026-04-22T07:15:57Z,down,0,0,0
2026-04-22T08:59:01Z,down,0,0,0
2026-04-22T10:21:58Z,down,0,0,0
2026-04-22T11:35:01Z,down,0,0,0
2026-04-22T12:42:50Z,down,0,0,0
2026-04-22T14:21:43Z,down,0,0,0
2026-04-22T15:46:15Z,down,0,0,0
2026-04-22T16:44:37Z,down,0,0,0
2026-04-22T17:43:51Z,down,0,0,0
2026-04-22T18:46:59Z,down,0,0,0
2026-04-22T19:54:43Z,down,0,0,0
2026-04-22T20:45:25Z,down,0,0,0
2026-04-22T21:38:29Z,down,0,0,0
2026-04-22T22:29:03Z,down,0,0,0
2026-04-22T23:27:24Z,down,0,0,0
2026-04-23T00:09:45Z,down,0,0,0
2026-04-23T03:45:19Z,down,0,0,0
2026-04-23T05:55:20Z,down,0,0,0
2026-04-23T07:28:27Z,down,0,0,0
2026-04-23T09:11:57Z,down,0,0,0
2026-04-23T10:47:28Z,down,0,0,0
2026-04-23T11:47:24Z,down,0,0,0
2026-04-23T12:48:00Z,down,0,0,0
2026-04-23T15:01:12Z,down,0,0,0
2026-04-23T16:50:27Z,down,0,0,0
2026-04-23T17:59:53Z,down,0,0,0
2026-04-23T19:23:08Z,down,0,0,0
2026-04-23T20:30:01Z,down,0,0,0
2026-04-23T21:24:59Z,down,0,0,0
2026-04-23T22:06:06Z,down,0,0,0
2026-04-23T23:02:40Z,down,0,0,0
2026-04-23T23:57:07Z,down,0,0,0
2026-04-24T02:36:34Z,down,0,0,0
2026-04-24T05:22:36Z,down,0,0,0
2026-04-24T07:14:22Z,down,0,0,0
2026-04-24T09:12:08Z,down,0,0,0
2026-04-24T10:44:38Z,down,0,0,0
2026-04-24T11:46:38Z,down,0,0,0
2026-04-24T12:46:52Z,down,0,0,0
2026-04-24T14:22:23Z,down,0,0,0
2026-04-24T15:43:08Z,down,0,0,0
2026-04-24T16:39:47Z,down,0,0,0
2026-04-24T17:36:04Z,down,0,0,0
2026-04-24T18:26:12Z,down,0,0,0
2026-04-24T19:27:37Z,down,0,0,0
2026-04-24T20:07:34Z,down,0,0,0
2026-04-24T21:02:54Z,down,0,0,0
2026-04-24T21:56:34Z,down,0,0,0
2026-04-24T22:37:39Z,down,0,0,0
2026-04-24T23:23:14Z,down,0,0,0
2026-04-25T00:00:00Z,down,0,0,0
2026-04-25T03:19:05Z,down,0,0,0
2026-04-25T05:24:10Z,down,0,0,0
2026-04-25T06:49:16Z,down,0,0,0
2026-04-25T07:56:28Z,down,0,0,0
2026-04-25T08:50:38Z,down,0,0,0
2026-04-25T09:38:56Z,down,0,0,0
2026-04-25T10:28:00Z,down,0,0,0
2026-04-25T11:12:09Z,down,0,0,0
2026-04-25T11:54:10Z,down,0,0,0
2026-04-25T12:42:11Z,down,0,0,0
2026-04-25T13:51:17Z,down,0,0,0
2026-04-25T14:33:38Z,down,0,0,0
2026-04-25T15:22:53Z,down,0,0,0
2026-04-25T16:00:11Z,down,0,0,0
2026-04-25T16:55:29Z,down,0,0,0
2026-04-25T17:33:55Z,down,0,0,0
2026-04-25T18:07:57Z,down,0,0,0
2026-04-25T19:09:55Z,down,0,0,0
2026-04-25T19:53:26Z,down,0,0,0
2026-04-25T20:27:35Z,down,0,0,0
2026-04-25T21:04:53Z,down,0,0,0
2026-04-25T21:50:40Z,down,0,0,0
2026-04-25T22:21:07Z,down,0,0,0
2026-04-25T23:00:36Z,down,0,0,0
2026-04-25T23:49:56Z,down,0,0,0
2026-04-26T01:15:53Z,down,0,0,0
2026-04-26T04:33:20Z,down,0,0,0
2026-04-26T06:26:56Z,down,0,0,0
2026-04-26T08:00:53Z,down,0,0,0
2026-04-26T09:10:40Z,down,0,0,0
2026-04-26T10:05:54Z,down,0,0,0
2026-04-26T10:59:42Z,down,0,0,0
2026-04-26T11:44:22Z,down,0,0,0
2026-04-26T12:31:27Z,down,0,0,0
2026-04-26T13:48:39Z,down,0,0,0
2026-04-26T14:33:32Z,down,0,0,0
2026-04-26T15:24:37Z,down,0,0,0
2026-04-26T16:02:52Z,down,0,0,0
2026-04-26T16:57:39Z,down,0,0,0
2026-04-26T17:39:43Z,down,0,0,0
2026-04-26T18:27:50Z,down,0,0,0
2026-04-26T19:28:27Z,down,0,0,0
2026-04-26T20:03:47Z,down,0,0,0
2026-04-26T20:54:12Z,down,0,0,0
2026-04-26T21:30:16Z,down,0,0,0
2026-04-26T22:05:37Z,down,0,0,0
2026-04-26T22:55:39Z,down,0,0,0
2026-04-26T23:34:38Z,down,0,0,0
2026-04-27T00:08:45Z,down,0,0,0
2026-04-27T03:58:23Z,down,0,0,0
2026-04-27T06:29:32Z,down,0,0,0
2026-04-27T09:05:14Z,down,0,0,0
2026-04-27T11:13:52Z,down,0,0,0
2026-04-27T12:53:28Z,down,0,0,0
2026-04-27T14:56:07Z,down,0,0,0
2026-04-27T16:24:29Z,down,0,0,0
2026-04-27T17:47:25Z,down,0,0,0
2026-04-27T18:58:49Z,down,0,0,0
2026-04-27T20:10:56Z,down,0,0,0
2026-04-27T21:16:05Z,down,0,0,0
2026-04-27T22:09:41Z,down,0,0,0
2026-04-27T23:12:15Z,down,0,0,0
2026-04-28T00:06:29Z,down,0,0,0
2026-04-28T01:09:31Z,down,0,0,0
2026-04-28T04:45:09Z,down,0,0,0
2026-04-28T07:19:35Z,down,0,0,0
2026-04-28T09:38:31Z,down,0,0,0
2026-04-28T11:27:13Z,down,0,0,0
2026-04-28T13:15:50Z,down,0,0,0
2026-04-28T15:41:09Z,down,0,0,0
2026-04-28T17:23:20Z,down,0,0,0
2026-04-28T19:04:04Z,down,0,0,0
2026-04-28T20:38:34Z,down,0,0,0
2026-04-28T21:42:31Z,down,0,0,0
2026-04-28T22:40:48Z,down,0,0,0
2026-04-28T23:39:17Z,down,0,0,0
2026-04-29T01:24:16Z,down,0,0,0
2026-04-29T04:50:43Z,down,0,0,0
2026-04-29T07:15:19Z,down,0,0,0
2026-04-29T09:28:36Z,down,0,0,0
2026-04-29T11:16:25Z,down,0,0,0
2026-04-29T12:58:33Z,down,0,0,0
2026-04-29T15:23:20Z,down,0,0,0
2026-04-29T16:59:22Z,down,0,0,0
2026-04-29T18:20:16Z,down,0,0,0
2026-04-29T19:58:05Z,down,0,0,0
2026-04-29T21:14:30Z,down,0,0,0
2026-04-29T22:13:30Z,down,0,0,0
2026-04-29T23:13:09Z,down,0,0,0
2026-04-30T00:09:56Z,down,0,0,0
2026-04-30T04:04:41Z,down,0,0,0
2026-04-30T06:39:10Z,down,0,0,0
2026-04-30T09:02:57Z,down,0,0,0
2026-04-30T11:03:07Z,down,0,0,0
2026-04-30T12:22:02Z,down,0,0,0
2026-04-30T14:31:25Z,down,0,0,0
2026-04-30T16:07:00Z,down,0,0,0
2026-04-30T17:43:45Z,down,0,0,0
2026-04-30T19:00:01Z,down,0,0,0
2026-04-30T20:16:21Z,down,0,0,0
2026-04-30T21:18:31Z,down,0,0,0
2026-04-30T22:15:00Z,down,0,0,0
2026-04-30T23:14:13Z,down,0,0,0
2026-05-01T00:09:28Z,down,0,0,0
2026-05-01T04:17:29Z,down,0,0,0
2026-05-01T07:09:48Z,down,0,0,0
2026-05-01T09:09:29Z,down,0,0,0
2026-05-01T10:43:24Z,down,0,0,0
2026-05-01T11:45:23Z,down,0,0,0
2026-05-01T12:44:36Z,down,0,0,0
2026-05-01T14:09:15Z,down,0,0,0
2026-05-01T15:16:05Z,down,0,0,0
2026-05-01T16:14:57Z,down,0,0,0
2026-05-01T17:17:55Z,down,0,0,0
2026-05-01T18:16:54Z,down,0,0,0
2026-05-01T19:44:55Z,down,0,0,0
2026-05-01T20:36:55Z,down,0,0,0
2026-05-01T21:36:44Z,down,0,0,0
2026-05-01T22:32:39Z,down,0,0,0
2026-05-01T23:32:28Z,down,0,0,0
2026-05-02T01:15:57Z,down,0,0,0
2026-05-02T04:30:18Z,down,0,0,0
2026-05-02T06:27:49Z,down,0,0,0
2026-05-02T08:10:48Z,down,0,0,0
2026-05-02T09:34:22Z,down,0,0,0
2026-05-02T10:31:44Z,down,0,0,0
2026-05-02T11:27:22Z,down,0,0,0
2026-05-02T12:09:52Z,down,0,0,0
2026-05-02T13:48:59Z,down,0,0,0
2026-05-02T14:39:01Z,down,0,0,0
2026-05-02T15:31:54Z,down,0,0,0
2026-05-02T16:27:31Z,down,0,0,0
2026-05-02T17:25:24Z,down,0,0,0
2026-05-02T18:10:26Z,down,0,0,0
2026-05-02T19:18:39Z,down,0,0,0
2026-05-02T20:02:51Z,down,0,0,0
2026-05-02T20:56:34Z,down,0,0,0
2026-05-02T21:45:23Z,down,0,0,0
2026-05-02T22:24:58Z,down,0,0,0
2026-05-02T23:09:50Z,down,0,0,0
2026-05-03T00:01:31Z,down,0,0,0
2026-05-03T04:05:51Z,down,0,0,0
2026-05-03T06:37:11Z,down,0,0,0
2026-05-03T08:24:25Z,down,0,0,0
2026-05-03T09:47:03Z,down,0,0,0
2026-05-03T10:40:41Z,down,0,0,0
2026-05-03T11:28:13Z,down,0,0,0
2026-05-03T12:08:32Z,down,0,0,0
2026-05-03T13:48:47Z,down,0,0,0
2026-05-03T14:39:16Z,down,0,0,0
2026-05-03T15:30:52Z,down,0,0,0
2026-05-03T16:26:36Z,down,0,0,0
2026-05-03T17:26:22Z,down,0,0,0
2026-05-03T18:12:39Z,down,0,0,0
2026-05-03T19:20:34Z,down,0,0,0
2026-05-03T20:04:21Z,down,0,0,0
2026-05-03T20:58:52Z,down,0,0,0
2026-05-03T21:55:08Z,down,0,0,0
2026-05-03T22:41:24Z,down,0,0,0
2026-05-03T23:29:11Z,down,0,0,0
2026-05-04T01:17:47Z,down,0,0,0
2026-05-04T04:52:12Z,down,0,0,0
2026-05-04T07:43:58Z,down,0,0,0
2026-05-04T10:02:07Z,down,0,0,0
2026-05-04T12:02:14Z,down,0,0,0
2026-05-04T14:26:14Z,down,0,0,0
2026-05-04T16:18:52Z,down,0,0,0
2026-05-04T17:57:11Z,down,0,0,0
2026-05-04T19:46:02Z,down,0,0,0
2026-05-04T20:53:54Z,down,0,0,0
2026-05-04T21:57:28Z,down,0,0,0
2026-05-04T23:00:42Z,down,0,0,0
2026-05-05T00:03:19Z,down,0,0,0
2026-05-05T03:45:54Z,down,0,0,0
2026-05-05T06:07:04Z,down,0,0,0
2026-05-05T08:27:18Z,down,0,0,0
2026-05-05T10:19:27Z,down,0,0,0
2026-05-05T11:44:43Z,down,0,0,0
2026-05-05T12:59:47Z,down,0,0,0
2026-05-05T17:01:16Z,down,0,0,0
2026-05-05T18:19:54Z,down,0,0,0
2026-05-05T19:55:44Z,down,0,0,0
2026-05-05T21:04:21Z,down,0,0,0
2026-05-05T22:10:58Z,down,0,0,0
2026-05-05T23:12:32Z,down,0,0,0
2026-05-06T00:06:09Z,down,0,0,0
2026-05-06T04:01:52Z,down,0,0,0
2026-05-06T06:41:04Z,down,0,0,0
2026-05-06T09:11:04Z,down,0,0,0
2026-05-06T11:20:46Z,down,0,0,0
2026-05-06T13:09:41Z,down,0,0,0
2026-05-06T15:35:05Z,down,0,0,0
2026-05-06T17:10:08Z,down,0,0,0
2026-05-06T18:59:37Z,down,0,0,0
2026-05-06T20:42:30Z,down,0,0,0
2026-05-06T21:46:40Z,down,0,0,0
2026-05-06T22:35:27Z,down,0,0,0
2026-05-06T23:33:31Z,down,0,0,0
2026-05-07T01:21:08Z,down,0,0,0
2026-05-07T04:49:24Z,down,0,0,0
2026-05-07T07:35:45Z,down,0,0,0
2026-05-07T10:07:00Z,down,0,0,0
2026-05-07T12:04:50Z,down,0,0,0
2026-05-07T14:47:45Z,down,0,0,0
2026-05-07T16:29:58Z,down,0,0,0
2026-05-07T18:11:19Z,down,0,0,0
2026-05-07T19:55:30Z,down,0,0,0
2026-05-07T21:05:17Z,down,0,0,0
2026-05-07T22:14:02Z,down,0,0,0
2026-05-07T23:13:41Z,down,0,0,0
2026-05-08T00:09:33Z,down,0,0,0
2026-05-08T03:53:39Z,down,0,0,0
2026-05-08T05:54:36Z,down,0,0,0
2026-05-08T07:28:10Z,down,0,0,0
2026-05-08T08:57:33Z,down,0,0,0
2026-05-08T10:43:15Z,down,0,0,0
2026-05-08T11:59:57Z,down,0,0,0
2026-05-08T14:10:51Z,down,0,0,0
2026-05-08T15:52:29Z,down,0,0,0
2026-05-08T17:05:52Z,down,0,0,0
2026-05-08T18:22:09Z,down,0,0,0
2026-05-08T19:51:43Z,down,0,0,0
2026-05-08T20:45:42Z,down,0,0,0
2026-05-08T21:44:25Z,down,0,0,0
2026-05-08T22:40:29Z,down,0,0,0
2026-05-08T23:39:32Z,down,0,0,0
2026-05-09T01:23:06Z,down,0,0,0
2026-05-09T04:43:53Z,down,0,0,0
2026-05-09T06:59:13Z,down,0,0,0
2026-05-09T08:47:34Z,down,0,0,0
2026-05-09T09:58:08Z,down,0,0,0
2026-05-09T11:04:08Z,down,0,0,0
2026-05-09T11:58:44Z,down,0,0,0
2026-05-09T13:45:19Z,down,0,0,0
2026-05-09T14:39:57Z,down,0,0,0
2026-05-09T15:36:51Z,down,0,0,0
2026-05-09T16:34:26Z,down,0,0,0
2026-05-09T17:34:49Z,down,0,0,0
2026-05-09T18:36:00Z,down,0,0,0
2026-05-09T19:43:49Z,down,0,0,0
2026-05-09T20:29:34Z,down,0,0,0
2026-05-09T21:24:52Z,down,0,0,0
2026-05-09T22:06:51Z,down,0,0,0
2026-05-09T23:03:36Z,down,0,0,0
2026-05-10T00:00:03Z,down,0,0,0
2026-05-10T04:06:33Z,down,0,0,0
2026-05-10T06:42:25Z,down,0,0,0
2026-05-10T08:31:45Z,down,0,0,0
2026-05-10T09:59:07Z,down,0,0,0
2026-05-10T11:06:55Z,down,0,0,0
2026-05-10T12:02:05Z,down,0,0,0
2026-05-10T13:50:58Z,down,0,0,0
2026-05-10T14:43:20Z,down,0,0,0
2026-05-10T15:38:45Z,down,0,0,0
2026-05-10T16:36:12Z,down,0,0,0
2026-05-10T17:36:20Z,down,0,0,0
2026-05-10T18:38:30Z,down,0,0,0
2026-05-10T19:45:12Z,down,0,0,0
2026-05-10T20:32:52Z,down,0,0,0
2026-05-10T21:30:02Z,down,0,0,0
2026-05-10T22:26:07Z,down,0,0,0
2026-05-10T23:27:43Z,down,0,0,0
2026-05-11T01:25:10Z,down,0,0,0
2026-05-11T05:32:14Z,down,0,0,0
2026-05-11T08:44:56Z,down,0,0,0
2026-05-11T11:51:00Z,down,0,0,0
2026-05-11T17:07:13Z,down,0,0,0
2026-05-11T19:07:59Z,down,0,0,0
2026-05-11T20:53:34Z,down,0,0,0
2026-05-11T22:02:49Z,down,0,0,0
2026-05-11T23:08:00Z,down,0,0,0
2026-05-12T00:10:01Z,down,0,0,0
2026-05-12T04:05:53Z,down,0,0,0
2026-05-12T09:27:23Z,down,0,0,0
2026-05-12T11:32:03Z,down,0,0,0
2026-05-12T13:23:34Z,down,0,0,0
2026-05-12T15:59:22Z,down,0,0,0
2026-05-12T18:09:32Z,down,0,0,0
2026-05-12T20:07:55Z,down,0,0,0
2026-05-12T21:38:51Z,down,0,0,0
2026-05-12T22:44:56Z,down,0,0,0
2026-05-12T23:45:23Z,down,0,0,0
2026-05-13T01:31:58Z,down,0,0,0
2026-05-13T05:32:11Z,down,0,0,0
2026-05-13T08:19:06Z,down,0,0,0
2026-05-13T11:01:09Z,down,0,0,0
2026-05-13T13:24:33Z,down,0,0,0
2026-05-13T16:01:07Z,down,0,0,0
2026-05-13T18:09:06Z,down,0,0,0
2026-05-13T20:08:10Z,down,0,0,0
2026-05-13T21:44:26Z,down,0,0,0
2026-05-13T22:51:16Z,down,0,0,0
2026-05-13T23:47:32Z,down,0,0,0
2026-05-14T01:48:56Z,down,0,0,0
2026-05-14T05:36:19Z,down,0,0,0
2026-05-14T08:16:09Z,down,0,0,0
2026-05-14T10:37:33Z,down,0,0,0
2026-05-14T12:17:42Z,down,0,0,0
2026-05-14T14:47:59Z,down,0,0,0
2026-05-14T16:54:18Z,down,0,0,0
2026-05-14T18:53:16Z,down,0,0,0
2026-05-14T20:24:51Z,down,0,0,0
2026-05-14T21:44:11Z,down,0,0,0
2026-05-14T22:44:10Z,down,0,0,0
2026-05-14T23:40:53Z,down,0,0,0
2026-05-15T01:31:22Z,down,0,0,0
2026-05-15T05:36:55Z,down,0,0,0
2026-05-15T08:29:28Z,down,0,0,0
2026-05-15T11:01:24Z,down,0,0,0
2026-05-15T13:02:28Z,down,0,0,0
2026-05-15T15:26:34Z,down,0,0,0
2026-05-15T17:10:12Z,down,0,0,0
2026-05-15T18:54:00Z,down,0,0,0
2026-05-15T20:15:18Z,down,0,0,0
2026-05-15T21:30:19Z,down,0,0,0
2026-05-15T22:32:56Z,down,0,0,0
2026-05-15T23:32:26Z,down,0,0,0
2026-05-16T01:20:46Z,down,0,0,0
2026-05-16T04:44:41Z,down,0,0,0
2026-05-16T07:07:45Z,down,0,0,0
2026-05-16T09:00:22Z,down,0,0,0
2026-05-16T10:23:49Z,down,0,0,0
2026-05-16T11:31:12Z,down,0,0,0
2026-05-16T12:41:22Z,down,0,0,0
2026-05-16T14:10:06Z,down,0,0,0
2026-05-16T15:16:45Z,down,0,0,0
2026-05-16T17:17:46Z,down,0,0,0
2026-05-16T18:10:39Z,down,0,0,0
2026-05-16T19:33:46Z,down,0,0,0
2026-05-16T20:24:29Z,down,0,0,0
2026-05-16T21:11:24Z,down,0,0,0
2026-05-16T22:06:37Z,down,0,0,0
2026-05-16T23:05:53Z,down,0,0,0
2026-05-17T00:05:23Z,down,0,0,0
2026-05-17T04:18:04Z,down,0,0,0
2026-05-17T07:18:30Z,down,0,0,0
2026-05-17T09:16:35Z,down,0,0,0
2026-05-17T10:43:10Z,down,0,0,0
2026-05-17T11:46:45Z,down,0,0,0
2026-05-17T12:43:22Z,down,0,0,0
2026-05-17T14:14:19Z,down,0,0,0
2026-05-17T15:30:54Z,down,0,0,0
2026-05-17T16:33:30Z,down,0,0,0
2026-05-17T17:36:53Z,down,0,0,0
2026-05-17T18:42:43Z,down,0,0,0
2026-05-17T19:53:31Z,down,0,0,0
2026-05-17T20:43:32Z,down,0,0,0
2026-05-17T21:40:29Z,down,0,0,0
2026-05-17T22:38:09Z,down,0,0,0
2026-05-17T23:40:33Z,down,0,0,0
2026-05-18T01:50:17Z,down,0,0,0
2026-05-18T05:59:42Z,down,0,0,0
2026-05-18T10:22:47Z,down,0,0,0
2026-05-18T14:04:44Z,down,0,0,0
2026-05-18T16:54:13Z,down,0,0,0
2026-05-18T18:29:54Z,down,0,0,0
2026-05-18T20:17:14Z,down,0,0,0
2026-05-18T21:41:41Z,down,0,0,0
2026-05-18T22:41:26Z,down,0,0,0
2026-05-18T23:47:12Z,down,0,0,0
2026-05-19T01:51:34Z,down,0,0,0
2026-05-19T05:58:48Z,down,0,0,0
